sub_id,Trial,RT,Resp,Error,Fix_onset,Disp_onset,block,repeat,tid,tloc,d_setsize,quad1,quad2,quad3,quad4,loc1,loc2,loc3,loc4,loc5,loc6,loc7,loc8,loc9,loc10,loc11,loc12,loc13,loc14,loc15,loc16,loc17,loc18,loc19,loc20,loc21,loc22,loc23,loc24,loc25,loc26,loc27,loc28,loc29,loc30,loc31,loc32,loc33,loc34,loc35,loc36
24,1,1757.6646655798,0,0,426785.808738276,426786.855778377,1,0,0,20,19,127445375,265759512,54342968,145123756,21410919,11510719,30911809,0,21600619,0,42011309,0,0,40711809,40110309,0,41601309,10210809,30912019,41101719,20010619,41100919,0,-3131040,10701609,0,0,0,40510319,0,0,0,40600609,0,41910619,0,31702019,30910509,0,0
24,2,525.459169526584,0,0,426789.749840177,426790.796869499,1,0,0,8,9,57313728,11510209,82723628,75124666,0,0,41302009,0,11901609,0,0,-4110110,0,0,0,0,0,0,0,0,0,11510209,41111809,0,0,0,0,0,0,41611819,0,10501019,31410319,0,11211509,22001819,0,0,0,0
24,3,608.329649723601,0,0,426792.338007356,426793.385044377,1,0,0,35,31,224578622,158144612,195649782,195997524,10611009,40111719,0,40410319,41310719,10100619,31011209,10611319,40411709,20900919,20600219,10711009,41500219,11410419,10900109,0,31310509,10811209,21300809,0,21711609,40901509,20201809,20111809,31310409,20100919,20010909,30800019,41011119,0,20201209,30200919,40200319,11601409,-1171121,20811409
24,4,355.117908038665,1,0,426795.13798549,426796.18497593,1,1,1,10,0,0,0,0,0,0,0,0,0,0,0,0,0,0,-20811691,0,0,0,0,0,0,0,0,0,0,0,0,0,0,0,0,0,0,0,0,0,0,0,0,0,0
24,5,470.592012396082,1,0,426797.608473884,426798.655517449,1,1,1,4,31,120017984,231129031,197857093,188037412,10311309,11210719,11900809,-2060091,0,10001309,31910819,21511219,21111709,12001819,31401009,31400319,21300009,10411119,20600019,22011909,41801419,40201409,40411319,0,11311219,31201009,0,10800209,31311609,41910019,30911709,10800109,20800309,40300509,20411819,11301719,0,21701119,31910419,30811409
24,6,527.21998776542,1,0,426800.326058891,426801.373093218,1,1,1,33,19,150755493,94515156,123303865,77203017,30900409,21910109,12010819,12012009,0,11911209,20300919,0,41710019,40400819,11501519,0,11600809,31012009,0,0,0,0,20400409,0,21600519,20200419,21101209,0,40001309,0,0,22000719,0,0,0,32001009,-1200180,22001109,0,0
24,7,478.809035732411,0,0,426803.10246847,426804.149508571,1,1,0,24,3,21201909,20400909,2190010,20001509,0,0,0,0,0,0,0,0,21201909,0,20400909,0,0,0,0,0,0,0,0,0,0,0,0,-2190010,0,0,0,20001509,0,0,0,0,0,0,0,0
24,8,738.536266726442,1,0,426805.690639883,426806.73767036,1,0,1,1,9,54452418,82013638,81612128,61410228,-1040181,0,0,11011609,0,0,21300209,21100419,0,0,0,0,41211819,0,0,40801819,0,0,40111109,41501019,0,0,0,0,0,0,0,40900219,0,0,0,20510009,0,0,0,0
24,9,528.562351770233,0,0,426808.596463826,426809.643479289,1,0,0,30,3,40500609,41722018,0,1171160,40500609,0,0,0,0,0,0,0,0,21611809,20110209,0,0,0,0,0,0,0,0,0,0,0,0,0,0,0,0,0,0,-1171160,0,0,0,0,0,0
24,10,390.008594084065,0,0,426811.26697986,426812.314004947,1,0,0,28,3,10701609,60511618,0,4171121,0,0,10701609,0,0,0,0,0,0,0,0,30411209,0,0,0,0,0,30100409,0,0,0,0,0,0,0,0,0,-4171121,0,0,0,0,0,0,0,0
24,11,448.169104987755,0,0,426813.761042969,426814.808068057,1,0,0,22,9,21900709,64033157,54343767,52511928,0,0,0,0,0,0,0,0,21900709,0,0,11310719,0,11911819,0,0,40810619,0,0,11510009,0,-2021020,30301419,10511319,0,0,0,0,0,0,41011919,0,0,11500009,0,0
24,12,550.264994497411,1,0,426816.372744442,426817.419767989,1,1,1,26,19,73620528,226844084,167993086,188448304,0,0,0,0,0,0,0,31710219,41910309,40710809,20210119,41802019,41810309,40300009,0,0,42010819,0,31800009,41911019,0,21600219,31201519,0,40310309,-1170011,0,0,40301319,42010519,22010619,41812019,31101909,11211919,0,0
24,13,387.172190763522,0,0,426819.019735806,426820.066772442,1,1,0,19,9,83813557,62321628,13810359,94813637,11600419,0,0,0,0,0,40312019,31901119,0,41011109,0,0,0,0,0,0,0,21310519,-3000050,0,0,0,0,0,0,0,10810309,0,0,21400609,0,31801409,0,0,41611619,0
24,14,440.808238112368,1,0,426821.549089962,426822.596121594,1,0,1,8,0,0,0,0,0,0,0,0,0,0,0,0,-30111591,0,0,0,0,0,0,0,0,0,0,0,0,0,0,0,0,0,0,0,0,0,0,0,0,0,0,0,0
24,15,564.509374788031,0,0,426824.231380843,426825.27841517,1,0,0,25,19,163534875,143036204,78096047,103623036,20501219,0,0,30710109,31010509,0,41301219,40011819,0,0,20200819,10511419,30811419,0,0,11100619,40000719,30411209,11711409,0,0,31801509,10901809,0,-2170201,21511119,0,0,0,22000109,30400109,0,41011709,10211109,0,0
24,16,531.825293495785,1,0,426826.937207173,426827.984281535,1,0,1,6,19,97656126,93424446,105447165,205146274,12000819,41301019,0,10101609,31101609,-3151070,0,0,0,41211209,10311109,0,0,20801819,0,0,0,21100309,0,0,41711519,0,10511409,20511519,0,21211309,11501409,31511809,41111019,0,0,40100419,40810509,30510509,21102009,0
24,17,467.193563934416,1,0,426829.607721282,426830.654755994,1,1,1,29,3,32010409,30900719,10200819,3080110,0,0,0,0,0,0,32010409,0,0,0,0,0,0,30900719,0,0,0,0,0,0,10200819,0,0,0,0,0,0,0,-3080110,0,0,0,0,0,0,0
24,18,407.740734168328,0,0,426832.125311371,426833.172338383,1,0,0,12,3,20910919,35601899,41700619,0,0,20910919,0,0,0,0,0,0,0,0,0,-4200180,0,0,31401719,0,0,0,0,0,0,0,0,0,0,0,41700619,0,0,0,0,0,0,0,0,0
24,19,463.368192140479,0,0,426834.760549063,426835.807576075,1,0,0,34,31,216959092,248657622,256828612,259529313,10011219,21811209,40001609,40200419,21401209,31810209,40411809,0,11311409,21410119,0,31612019,40000209,41700719,40810319,31711109,20001519,21411609,40900819,41100509,31501419,20701709,20601819,30610019,0,40810809,30601509,40801609,31101219,41811419,40712019,31700519,40600419,-2000190,0,30801919
24,20,518.166056019254,0,0,426837.39577867,426838.442805682,1,0,0,5,31,179726244,245356002,177248922,209328022,30600509,11312009,10610309,21110319,-2180061,20411809,41700209,0,41801019,10310719,40010009,0,10311219,31300409,40201719,41400609,40910209,30911109,41301319,30610519,0,21211219,10801419,10310709,30711409,21701009,10601319,21001519,40500519,41311219,0,31611419,21500709,31900609,10100409,11401619
24,21,363.618263741955,0,0,426840.066313952,426841.113330955,1,1,0,7,3,45740059,0,42000319,11601909,0,0,41710019,0,0,0,-4030040,0,0,0,0,0,0,0,0,0,0,0,0,0,0,0,0,42000319,0,0,0,11601909,0,0,0,0,0,0,0,0
24,22,388.346711231861,1,0,426842.548599905,426843.595623838,1,1,1,11,31,230750221,171700204,205039393,196248412,20701809,20811119,42000419,40602019,11011709,41301009,11311409,11010009,32000719,11212019,-3071001,11601009,40501809,0,10600819,42011519,21601609,31100419,21110809,40101509,0,30411919,20810709,41900409,0,40202019,10502019,40210009,11311909,0,20810409,40412019,11101919,21800119,40301209,10300819
24,23,391.266266349703,1,0,426844.995597891,426846.042624903,1,1,1,14,9,52733737,83834907,31111819,42212018,10411709,0,0,0,10610619,0,31711409,0,0,0,21501909,0,0,-1031160,0,0,40300119,21001719,0,0,0,31111819,0,0,0,0,0,0,31602009,0,0,0,0,10610009,0,0
24,24,508.705988992006,1,0,426847.513189135,426848.560210757,1,1,1,36,9,91832637,30211709,113914956,35761210,0,0,40610609,0,0,40410219,10811809,0,0,0,0,0,0,0,0,30211709,0,0,21901209,30701909,0,0,0,0,30011719,0,31300119,0,0,31711019,0,0,0,0,0,-4050191
24,25,361.104074050672,1,0,426850.230770678,426851.27779461,1,1,1,9,19,186086755,144125964,94833166,53003747,0,0,30310919,21010009,40201609,21311909,41110419,31111709,-1030181,20900909,10200519,42010909,30100709,0,0,10211009,30701909,0,10000019,31710509,0,0,11111819,42010819,0,0,0,10200809,0,20801719,0,0,0,0,22001219,0
24,26,424.938546377234,1,0,426852.819029862,426853.866012603,1,1,1,3,31,168635923,237536041,147470002,229950293,20201209,31601409,-3030040,0,30401319,20401109,21900709,30600109,10500019,40200219,21210409,10500719,30810319,10100119,20100419,31810509,31101519,41701809,22011619,21101609,20701609,11710209,10711009,0,30110419,20911709,10211819,31601709,41001719,30911509,40701719,0,0,12010909,31911319,41811409
24,27,392.75106653804,1,0,426863.748087058,426864.795124079,2,1,1,14,9,52733737,83834907,31111819,42212018,10411709,0,0,0,10610619,0,31711409,0,0,0,21501909,0,0,-1031160,0,0,40300119,21001719,0,0,0,31111819,0,0,0,0,0,0,31602009,0,0,0,0,10610009,0,0
24,28,438.284809293691,1,0,426866.277453918,426867.324479005,2,0,1,28,3,0,41510119,0,42631778,0,0,0,0,0,0,0,0,0,0,0,0,41510119,0,0,0,0,0,0,0,0,0,0,0,0,0,0,-1120150,0,0,0,30800219,0,0,10711409,0
24,29,500.552484416403,0,0,426868.842096427,426869.889125364,2,0,0,6,9,86083938,42711818,53023037,12011209,0,0,31400819,31901519,21701519,-1080081,0,0,0,0,21311609,0,0,0,0,21400209,0,0,20011819,0,0,0,0,11311109,21700109,0,0,0,0,0,0,0,0,0,12011209,0
24,30,470.175098045729,0,0,426871.512619391,426872.559652562,2,1,0,11,31,230750221,171700204,205039393,196248412,20701809,20811119,42000419,40602019,11011709,41301009,11311409,11010009,32000719,11212019,-3071001,11601009,40501809,0,10600819,42011519,21601609,31100419,21110809,40101509,0,30411919,20810709,41900409,0,40202019,10502019,40210009,11311909,0,20810409,40412019,11101919,21800119,40301209,10300819
24,31,345.838388311677,1,1,426874.147881334,426875.194886404,2,1,0,24,3,21201909,20400909,2190010,20001509,0,0,0,0,0,0,0,0,21201909,0,20400909,0,0,0,0,0,0,0,0,0,0,0,0,-2190010,0,0,0,20001509,0,0,0,0,0,0,0,0
24,32,393.065195879899,0,0,426876.71250036,426877.759529297,2,1,0,4,31,120017984,231129031,197857093,188037412,10311309,11210719,11900809,-2060091,0,10001309,31910819,21511219,21111709,12001819,31401009,31400319,21300009,10411119,20600019,22011909,41801419,40201409,40411319,0,11311219,31201009,0,10800209,31311609,41910019,30911709,10800109,20800309,40300509,20411819,11301719,0,21701119,31910419,30811409
24,33,381.705339124892,0,0,426879.28891656,426880.335933563,2,1,0,10,0,0,0,0,0,0,0,0,0,0,0,0,0,0,-20811691,0,0,0,0,0,0,0,0,0,0,0,0,0,0,0,0,0,0,0,0,0,0,0,0,0,0
24,34,395.600943476893,0,0,426881.771201743,426882.818235685,2,1,0,3,31,168635923,237536041,147470002,229950293,20201209,31601409,-3030040,0,30401319,20401109,21900709,30600109,10500019,40200219,21210409,10500719,30810319,10100119,20100419,31810509,31101519,41701809,22011619,21101609,20701609,11710209,10711009,0,30110419,20911709,10211819,31601709,41001719,30911509,40701719,0,0,12010909,31911319,41811409
24,35,488.614799047355,0,0,426884.371138763,426885.418176554,2,1,0,29,3,32010409,30900719,10200819,3080110,0,0,0,0,0,0,32010409,0,0,0,0,0,0,30900719,0,0,0,0,0,0,10200819,0,0,0,0,0,0,0,-3080110,0,0,0,0,0,0,0
24,36,335.639193363022,0,0,426887.018140907,426888.065171384,2,1,0,9,19,186086755,144125964,94833166,53003747,0,0,30310919,21010009,40201609,21311909,41110419,31111709,-1030181,20900909,10200519,42010909,30100709,0,0,10211009,30701909,0,10000019,31710509,0,0,11111819,42010819,0,0,0,10200809,0,20801719,0,0,0,0,22001219,0
24,37,527.355109574273,1,0,426889.547493138,426890.594513221,2,0,1,35,31,277764332,210736292,259151302,165984814,30810509,31300419,41210519,30700519,40011809,31610119,0,31810119,40310319,40500119,0,31410309,21810209,12000009,10800919,31601709,40801609,21811409,41112009,0,30701609,20912019,40011919,32000509,30600809,22010709,41801719,30701109,20200309,20710209,20010309,40310509,0,11811209,-2031051,20210109
24,38,387.903619441204,0,0,426892.229784404,426893.276832589,2,1,0,19,9,83813557,62321628,13810359,94813637,11600419,0,0,0,0,0,40312019,31901119,0,41011109,0,0,0,0,0,0,0,21310519,-3000050,0,0,0,0,0,0,0,10810309,0,0,21400609,0,31801409,0,0,41611619,0
24,39,467.551963985898,0,0,426894.817951967,426895.864984369,2,0,0,1,31,211920403,165517993,238347212,267858812,-4200071,20901319,21901319,21101919,21001409,30701409,20610319,40501419,31001219,30401509,10911619,0,10301309,41000109,0,21501609,41300419,10101419,40911219,41601209,0,20400709,31711409,20000009,31100819,30610719,22011119,31202009,41012009,0,31710019,20510219,41501909,20301719,41110209,40510719
24,40,414.286250597797,0,0,426897.441418662,426898.488445674,2,0,0,8,19,108924165,147157174,132222756,72325356,0,31511909,21810019,0,10110819,21810819,21500509,-2180090,0,30511709,40311209,0,10710409,0,21801909,32011519,11810419,0,30010519,0,30610209,0,0,40600519,31001509,0,0,0,20711419,0,10301709,0,0,10310309,0,31001919
24,41,502.100033452734,1,0,426900.041367231,426901.088391933,2,0,1,34,31,240255622,178728213,259439941,108236903,30911819,40010119,21610419,21500709,0,21210709,41600309,41401419,22010119,10901109,30811219,31901619,31211519,0,41801519,20200709,11900519,0,41712009,31712019,21001309,31400509,10200619,31210119,41001819,40101119,11100419,10701719,20111219,10100909,20910119,11910919,20600109,-2090100,11811809,0
24,42,437.90754606016,1,0,426902.676594143,426903.723619615,2,1,1,7,3,45740059,0,42000319,11601909,0,0,41710019,0,0,0,-4030040,0,0,0,0,0,0,0,0,0,0,0,0,0,0,0,0,42000319,0,0,0,11601909,0,0,0,0,0,0,0,0
24,43,432.896874903236,0,0,426905.323589742,426906.370731858,2,0,0,30,9,52311527,42102728,54423347,24801720,0,20610209,0,0,0,21001309,10700009,0,0,11401319,0,0,0,0,30701409,0,0,0,0,11610619,0,0,0,31601419,0,11211309,0,0,0,-3090201,0,0,0,0,0,21711519
24,44,341.777034569532,1,0,426907.86471066,426908.911738058,2,0,1,22,9,71612447,70712418,44920860,43101447,11301519,0,0,0,0,0,20000109,40310819,0,0,30411409,0,0,0,0,40301009,0,0,0,40800709,0,-4120151,0,0,0,0,0,12000509,20100419,0,0,0,0,11000519,0,0
24,45,415.21785967052,1,0,426910.335229852,426911.382259943,2,0,1,5,19,127615476,111626156,197036922,82831937,0,30911309,21510409,41002019,-4090120,0,0,30101619,0,10911509,0,0,30101209,0,0,40212019,0,30401419,41200019,20811419,10601909,20710419,0,42000419,30601909,10500819,20610009,0,30710119,10111709,0,0,0,0,42010109,0
24,46,420.707424113061,1,0,426913.005759745,426914.052785602,2,0,1,25,3,83622738,11710219,2060060,0,0,0,0,0,41911319,41711419,0,0,0,11710219,0,0,0,0,0,0,0,0,0,0,0,0,0,0,-2060060,0,0,0,0,0,0,0,0,0,0,0
24,47,472.101450141054,1,0,426915.617464682,426916.664492849,2,1,1,33,19,150755493,94515156,123303865,77203017,30900409,21910109,12010819,12012009,0,11911209,20300919,0,41710019,40400819,11501519,0,11600809,31012009,0,0,0,0,20400409,0,21600519,20200419,21101209,0,40001309,0,0,22000719,0,0,0,32001009,-1200180,22001109,0,0
24,48,463.665768096689,0,0,426918.205633785,426919.252725086,2,1,0,36,9,91832637,30211709,113914956,35761210,0,0,40610609,0,0,40410219,10811809,0,0,0,0,0,0,0,0,30211709,0,0,21901209,30701909,0,0,0,0,30011719,0,31300119,0,0,31711019,0,0,0,0,0,-4050191
24,49,439.30303491652,1,0,426920.876167528,426921.92319069,2,0,1,1,0,0,0,0,0,-21810401,0,0,0,0,0,0,0,0,0,0,0,0,0,0,0,0,0,0,0,0,0,0,0,0,0,0,0,0,0,0,0,0,0,0,0
24,50,367.25269415183,1,0,426923.476097619,426924.52313541,2,0,1,12,3,0,54421498,40511419,0,0,0,0,0,0,0,0,0,0,0,0,-2000070,0,0,21011009,0,31410419,0,0,0,0,0,0,0,0,0,40511419,0,0,0,0,0,0,0,0,0
24,51,499.17200912023,1,0,426925.993689247,426927.040714335,2,1,1,26,19,73620528,226844084,167993086,188448304,0,0,0,0,0,0,0,31710219,41910309,40710809,20210119,41802019,41810309,40300009,0,0,42010819,0,31800009,41911019,0,21600219,31201519,0,40310309,-1170011,0,0,40301319,42010519,22010619,41812019,31101909,11211919,0,0
24,52,360.834600345697,0,1,426928.652442754,426929.699565622,2,0,1,20,19,145335165,114634546,165154776,148248074,0,30010119,0,21910809,40501209,0,31011509,21901519,0,20111309,0,31201009,22011819,0,0,0,41310409,0,0,-3120030,0,0,40010309,41311909,0,40700819,40011709,32011409,12011819,41311119,0,0,0,10210909,41201909,11500909
24,53,515.789682860486,1,0,426946.487315809,426947.534417504,3,0,1,1,9,86232566,54834257,32113128,0,-4021010,10200019,0,0,0,40000219,20301009,0,11710309,0,0,0,0,21910819,21411719,0,11511719,0,0,11311909,20801219,0,0,0,0,0,0,0,0,0,0,0,0,0,0,0
24,54,476.202070072759,0,0,426949.146082405,426950.193115961,3,0,0,35,31,208533873,236837231,234849692,176797934,0,40800409,21500109,20910209,0,31910009,31611309,31200619,30601209,31501409,10201309,40000019,30710419,21001509,10511709,30600719,30300119,32010019,20401909,20901319,0,20511809,10410509,40811419,40310209,40101509,41401009,20411519,30500609,0,10911019,40910109,40201809,11400809,-1160041,21302019
24,55,501.266589795705,0,0,426951.80485285,426952.851874088,3,1,0,26,19,73620528,226844084,167993086,188448304,0,0,0,0,0,0,0,31710219,41910309,40710809,20210119,41802019,41810309,40300009,0,0,42010819,0,31800009,41911019,0,21600219,31201519,0,40310309,-1170011,0,0,40301319,42010519,22010619,41812019,31101909,11211919,0,0
24,56,353.474888310302,1,0,426954.404779476,426955.451807258,3,1,1,29,3,32010409,30900719,10200819,3080110,0,0,0,0,0,0,32010409,0,0,0,0,0,0,30900719,0,0,0,0,0,0,10200819,0,0,0,0,0,0,0,-3080110,0,0,0,0,0,0,0
24,57,336.69514534995,0,0,426956.910607808,426957.957646754,3,1,0,14,9,52733737,83834907,31111819,42212018,10411709,0,0,0,10610619,0,31711409,0,0,0,21501909,0,0,-1031160,0,0,40300119,21001719,0,0,0,31111819,0,0,0,0,0,0,31602009,0,0,0,0,10610009,0,0
24,58,385.700479382649,0,0,426959.310548755,426960.357579231,3,0,0,22,3,20400819,0,52261338,0,0,0,20400819,0,0,0,0,0,0,0,0,0,0,0,0,0,0,0,0,10010919,0,-2050200,40200219,0,0,0,0,0,0,0,0,0,0,0,0,0
24,59,443.648106069304,0,0,426961.757553285,426962.804577217,3,1,0,3,31,168635923,237536041,147470002,229950293,20201209,31601409,-3030040,0,30401319,20401109,21900709,30600109,10500019,40200219,21210409,10500719,30810319,10100119,20100419,31810509,31101519,41701809,22011619,21101609,20701609,11710209,10711009,0,30110419,20911709,10211819,31601709,41001719,30911509,40701719,0,0,12010909,31911319,41811409
24,60,410.186400578823,0,0,426964.286896277,426965.333933298,3,1,0,10,0,0,0,0,0,0,0,0,0,0,0,0,0,0,-20811691,0,0,0,0,0,0,0,0,0,0,0,0,0,0,0,0,0,0,0,0,0,0,0,0,0,0
24,61,437.769729527645,1,0,426966.757450115,426967.804458649,3,1,1,11,31,230750221,171700204,205039393,196248412,20701809,20811119,42000419,40602019,11011709,41301009,11311409,11010009,32000719,11212019,-3071001,11601009,40501809,0,10600819,42011519,21601609,31100419,21110809,40101509,0,30411919,20810709,41900409,0,40202019,10502019,40210009,11311909,0,20810409,40412019,11101919,21800119,40301209,10300819
24,62,451.042079657782,1,0,426969.416191688,426970.463284144,3,1,1,33,19,150755493,94515156,123303865,77203017,30900409,21910109,12010819,12012009,0,11911209,20300919,0,41710019,40400819,11501519,0,11600809,31012009,0,0,0,0,20400409,0,21600519,20200419,21101209,0,40001309,0,0,22000719,0,0,0,32001009,-1200180,22001109,0,0
24,63,475.199242879171,0,0,426971.969070899,426973.016104071,3,0,0,6,31,213885483,217150431,216437413,228648902,21802009,42010609,0,10610619,41810509,-4050100,40000209,21901009,31700419,40300909,21800219,41100319,21011009,20511919,10301819,10111909,30201809,21810519,0,30310109,30501719,0,40610219,31500709,30501219,41711819,11301619,10800919,0,32011909,41100109,41410409,41901709,20611319,30701219,10111309
24,64,445.753850566689,0,0,426974.557275804,426975.604273944,3,1,0,9,19,186086755,144125964,94833166,53003747,0,0,30310919,21010009,40201609,21311909,41110419,31111709,-1030181,20900909,10200519,42010909,30100709,0,0,10211009,30701909,0,10000019,31710509,0,0,11111819,42010819,0,0,0,10200809,0,20801719,0,0,0,0,22001219,0
24,65,471.875092247501,1,0,426977.204252155,426978.251263768,3,1,1,4,31,120017984,231129031,197857093,188037412,10311309,11210719,11900809,-2060091,0,10001309,31910819,21511219,21111709,12001819,31401009,31400319,21300009,10411119,20600019,22011909,41801419,40201409,40411319,0,11311219,31201009,0,10800209,31311609,41910019,30911709,10800109,20800309,40300509,20411819,11301719,0,21701119,31910419,30811409
24,66,408.138400351163,1,0,426979.921832543,426980.968860325,3,1,1,24,3,21201909,20400909,2190010,20001509,0,0,0,0,0,0,0,0,21201909,0,20400909,0,0,0,0,0,0,0,0,0,0,0,0,-2190010,0,0,0,20001509,0,0,0,0,0,0,0,0
24,67,339.54155765241,0,0,426982.439412238,426983.486443484,3,1,0,7,3,45740059,0,42000319,11601909,0,0,41710019,0,0,0,-4030040,0,0,0,0,0,0,0,0,0,0,0,0,0,0,0,0,42000319,0,0,0,11601909,0,0,0,0,0,0,0,0
24,68,498.281206062529,0,0,426984.862889403,426985.90991603,3,0,0,34,3,0,0,30201809,65233718,0,0,0,0,0,0,0,0,0,0,0,0,0,0,0,0,0,0,0,0,0,0,30201809,0,0,0,0,0,21211819,0,0,40911809,0,-3110090,0,0
24,69,477.035128802527,1,0,426987.509888467,426988.556912784,3,0,1,12,31,176138213,210449282,269260711,176347213,40701219,0,10411119,0,41900909,11801119,40611919,20501319,10210609,30111109,21700209,-3201160,41001719,10611019,31410819,21400519,40802019,10210709,30110119,21811709,41400909,31511109,31411109,10101619,40501509,41000709,21411919,10001219,31100909,11411819,41510519,10910209,0,30710919,40701619,0
24,70,473.761408182327,1,0,426990.180450697,426991.227434978,3,0,1,30,19,196738474,125614046,85224656,145987535,40901419,0,0,40500309,20312019,41512009,0,31912009,21600709,0,0,0,41500919,0,20701509,41900109,0,21511509,0,11501219,0,0,0,41301719,0,20911109,11510609,0,40401909,-1070170,0,40211519,0,41800619,11902009,10601309
24,71,486.092525126878,1,0,426992.803871196,426993.850905522,3,0,1,8,19,105965027,144315036,216929283,73613366,40510009,11210819,0,0,0,21001919,30201109,-3041171,0,0,0,31011309,0,41802009,30400609,41101109,0,0,0,31401609,0,21310309,31201919,20511809,40900819,41500809,30102009,11501309,0,0,31801419,10000219,0,0,20310419,0
24,72,398.673328745645,0,0,426995.521458128,426996.56848899,3,0,0,5,19,167285306,173226374,64833656,102724146,40601919,21810419,30200219,0,-2061131,31001209,41610409,0,0,0,40102019,40900409,10811609,30310109,21102009,30000219,0,0,11411019,0,0,21511709,20800619,0,11110309,0,0,10910609,20101409,40310609,0,31401519,0,0,0,0
24,73,410.544415644836,1,0,426998.121400923,426999.168438714,3,0,1,20,9,62902838,53212328,22451070,104115046,0,0,41901919,0,0,0,21000919,0,0,0,0,0,41801819,0,0,11410509,0,0,0,-2040151,0,0,0,0,0,20410919,0,11701909,0,41001109,0,40000419,0,0,0,11411609
24,74,484.475682897028,0,0,427000.662512987,427001.709545388,3,0,0,25,9,61200628,53722028,113953006,40610419,0,0,30500219,0,0,30700409,0,0,0,0,11810709,0,0,0,0,0,0,41911319,21211809,21500919,0,30110209,0,0,-1130060,0,40000009,0,0,0,0,40610419,0,0,0,0
24,75,361.216098070145,0,0,427003.391858982,427004.438884069,3,1,0,19,9,83813557,62321628,13810359,94813637,11600419,0,0,0,0,0,40312019,31901119,0,41011109,0,0,0,0,0,0,0,21310519,-3000050,0,0,0,0,0,0,0,10810309,0,0,21400609,0,31801409,0,0,41611619,0
24,76,447.907330526505,1,0,427005.93297913,427006.980066966,3,0,1,28,3,12010109,30200109,0,32101450,0,0,0,0,0,0,12010109,0,0,30200109,0,0,0,0,0,0,0,0,0,0,0,0,0,0,0,0,0,-2000141,0,0,0,0,0,0,30101309,0
24,77,925.877854693681,1,0,427008.521161322,427009.568174476,3,1,1,36,9,91832637,30211709,113914956,35761210,0,0,40610609,0,0,40410219,10811809,0,0,0,0,0,0,0,0,30211709,0,0,21901209,30701909,0,0,0,0,30011719,0,31300119,0,0,31711019,0,0,0,0,0,-4050191
24,78,453.861929534469,1,0,427011.626959396,427012.673986408,3,0,1,13,0,0,0,0,0,0,0,0,0,0,0,0,0,0,0,0,0,-20401191,0,0,0,0,0,0,0,0,0,0,0,0,0,0,0,0,0,0,0,0,0,0,0
24,79,418.653264525346,1,0,427023.909022147,427024.956123842,4,0,1,6,9,65073828,42613328,51112218,52412128,10011909,0,0,40611109,0,-4140101,10310709,0,0,0,0,0,11401609,31211719,0,0,0,0,0,0,41111309,10000909,0,0,0,0,0,0,0,30611909,0,0,0,21800219,0,0
24,80,364.793939050287,1,0,427026.461905593,427027.508963787,4,1,1,11,31,230750221,171700204,205039393,196248412,20701809,20811119,42000419,40602019,11011709,41301009,11311409,11010009,32000719,11212019,-3071001,11601009,40501809,0,10600819,42011519,21601609,31100419,21110809,40101509,0,30411919,20810709,41900409,0,40202019,10502019,40210009,11311909,0,20810409,40412019,11101919,21800119,40301209,10300819
24,81,477.836620586459,0,0,427029.003022662,427030.050046209,4,0,0,34,3,42522028,0,41210209,1100150,0,20812019,21710009,0,0,0,0,0,0,0,0,0,0,0,0,0,0,0,0,0,0,0,0,0,41210209,0,0,0,0,0,0,0,0,-1100150,0,0
24,82,404.289545840584,1,0,427031.720604205,427032.767629677,4,0,1,12,3,0,33051339,0,63513328,0,0,0,0,0,0,0,0,0,0,0,-1051120,0,0,32000219,0,0,0,0,0,0,0,0,0,0,0,0,0,42011319,0,0,0,0,0,21502009,0
24,83,338.420547021087,0,0,427034.379361946,427035.426397427,4,0,0,2,0,0,0,0,0,0,-31410391,0,0,0,0,0,0,0,0,0,0,0,0,0,0,0,0,0,0,0,0,0,0,0,0,0,0,0,0,0,0,0,0,0,0
24,84,466.359350306448,1,0,427036.826367631,427037.873395028,4,1,1,3,31,168635923,237536041,147470002,229950293,20201209,31601409,-3030040,0,30401319,20401109,21900709,30600109,10500019,40200219,21210409,10500719,30810319,10100119,20100419,31810509,31101519,41701809,22011619,21101609,20701609,11710209,10711009,0,30110419,20911709,10211819,31601709,41001719,30911509,40701719,0,0,12010909,31911319,41811409
24,85,338.514477829449,0,0,427039.438067564,427040.48509958,4,0,0,8,3,4161201,61812238,21200219,0,0,0,0,0,0,0,0,-4161201,0,0,0,0,0,0,30900419,0,0,30911819,0,0,21200219,0,0,0,0,0,0,0,0,0,0,0,0,0,0,0
24,86,406.606249860488,0,0,427041.885066705,427042.932096026,4,1,0,10,0,0,0,0,0,0,0,0,0,0,0,0,0,0,-20811691,0,0,0,0,0,0,0,0,0,0,0,0,0,0,0,0,0,0,0,0,0,0,0,0,0,0
24,87,507.773994875606,0,0,427044.390879253,427045.437922433,4,1,0,33,19,150755493,94515156,123303865,77203017,30900409,21910109,12010819,12012009,0,11911209,20300919,0,41710019,40400819,11501519,0,11600809,31012009,0,0,0,0,20400409,0,21600519,20200419,21101209,0,40001309,0,0,22000719,0,0,0,32001009,-1200180,22001109,0,0
24,88,535.962869762443,0,0,427047.096717901,427048.14372836,4,0,0,30,31,227829732,197658493,270157921,236776434,11300319,41201019,30001919,0,41401719,10011919,10511409,41600719,41800709,11010409,41311309,0,0,21711719,20400209,21211619,42001609,40011619,10500009,30711419,32011119,11201409,40211109,31100819,31201009,42010409,41210619,30211319,21601109,-2051121,40200219,0,30510509,30300819,40100619,41800719
24,89,369.353819172829,0,0,427049.720173816,427050.767210838,4,0,0,1,9,87554736,52512618,53711828,30710919,-4031090,0,10200009,30601109,0,0,22010519,20712009,0,0,20812009,31700609,0,0,0,0,0,0,32011709,0,0,0,0,0,0,21700119,0,0,0,30710919,0,0,0,0,0,0
24,90,408.383621426765,1,0,427052.167176807,427053.21419535,4,1,1,7,3,45740059,0,42000319,11601909,0,0,41710019,0,0,0,-4030040,0,0,0,0,0,0,0,0,0,0,0,0,0,0,0,0,42000319,0,0,0,11601909,0,0,0,0,0,0,0,0
24,91,402.268493024167,0,0,427054.696524419,427055.743549121,4,0,0,35,19,176424365,91222737,165864513,83045417,40900319,0,41800609,0,0,0,10001609,41711809,42010019,0,0,0,20311209,0,30411309,0,0,40500219,40710309,0,10411319,11300519,21810019,30310309,0,10410919,40911119,21401309,0,0,10101509,30410509,0,20101919,-1030171,0
24,92,450.135108141694,1,0,427057.249410559,427058.296433722,4,0,1,25,19,103735266,145425774,148644626,93931146,0,0,30411119,0,31210919,0,10612009,31501219,0,11811809,30300619,30000009,21411209,0,0,0,31100509,20801619,31500809,0,0,10510519,31410619,30101809,-3110061,42010809,0,0,0,21710409,20310619,10800109,0,0,41110009,0
24,93,358.408566971775,0,0,427059.955230729,427061.002252737,4,0,0,20,9,103101637,82722847,25133929,30010209,40400409,0,0,41201019,0,21500209,0,0,0,20301019,21811719,0,0,0,40610109,0,0,0,0,-3111201,0,0,10711909,0,0,11310819,0,0,0,0,30010209,0,0,0,0,0
24,94,415.936199598946,1,0,427062.484579881,427063.531601119,4,1,1,24,3,21201909,20400909,2190010,20001509,0,0,0,0,0,0,0,0,21201909,0,20400909,0,0,0,0,0,0,0,0,0,0,0,0,-2190010,0,0,0,20001509,0,0,0,0,0,0,0,0
24,95,363.777253194712,0,0,427065.072750139,427066.119785235,4,1,0,26,19,73620528,226844084,167993086,188448304,0,0,0,0,0,0,0,31710219,41910309,40710809,20210119,41802019,41810309,40300009,0,0,42010819,0,31800009,41911019,0,21600219,31201519,0,40310309,-1170011,0,0,40301319,42010519,22010619,41812019,31101909,11211919,0,0
24,96,425.53870275151,1,0,427067.555042637,427068.602080813,4,1,1,36,9,91832637,30211709,113914956,35761210,0,0,40610609,0,0,40410219,10811809,0,0,0,0,0,0,0,0,30211709,0,0,21901209,30701909,0,0,0,0,30011719,0,31300119,0,0,31711019,0,0,0,0,0,-4050191
24,97,338.16454699263,0,0,427070.143218284,427071.190240292,4,0,0,22,19,188956193,117853555,88445877,74632347,11010319,31610519,21400009,41511409,41611409,20010919,0,21801609,0,21510109,20811319,0,0,0,21810809,21910909,0,31810409,20810119,11300919,0,-3021021,21501909,0,0,0,31811909,0,11910109,0,0,0,21710419,0,0,41011819
24,98,458.186982607003,1,0,427072.531396704,427073.578421406,4,1,1,19,9,83813557,62321628,13810359,94813637,11600419,0,0,0,0,0,40312019,31901119,0,41011109,0,0,0,0,0,0,0,21310519,-3000050,0,0,0,0,0,0,0,10810309,0,0,21400609,0,31801409,0,0,41611619,0
24,99,401.871596695855,1,0,427075.060761254,427076.107789421,4,1,1,14,9,52733737,83834907,31111819,42212018,10411709,0,0,0,10610619,0,31711409,0,0,0,21501909,0,0,-1031160,0,0,40300119,21001719,0,0,0,31111819,0,0,0,0,0,0,31602009,0,0,0,0,10610009,0,0
24,100,344.455603219103,0,0,427077.590197792,427078.637126254,4,1,0,29,3,32010409,30900719,10200819,3080110,0,0,0,0,0,0,32010409,0,0,0,0,0,0,30900719,0,0,0,0,0,0,10200819,0,0,0,0,0,0,0,-3080110,0,0,0,0,0,0,0
24,101,364.679220190737,0,0,427080.048872074,427081.095892541,4,1,0,9,19,186086755,144125964,94833166,53003747,0,0,30310919,21010009,40201609,21311909,41110419,31111709,-1030181,20900909,10200519,42010909,30100709,0,0,10211009,30701909,0,10000019,31710509,0,0,11111819,42010819,0,0,0,10200809,0,20801719,0,0,0,0,22001219,0
24,102,450.664046569727,1,0,427082.554747371,427083.601717408,4,0,1,5,31,200927353,187037393,237748032,241630131,10610719,41500919,0,41401319,-2010040,20801519,12000619,41101509,31500709,0,30001319,0,21700709,21810119,42001209,30012019,31011109,10500909,10800119,41311319,20110519,20811319,31902009,40901409,31400519,40510819,0,21901809,11902009,30600309,32000019,40911919,41200909,20500919,31010619,11601619
24,103,364.274624735117,1,0,427085.22521259,427086.272234982,4,1,1,4,31,120017984,231129031,197857093,188037412,10311309,11210719,11900809,-2060091,0,10001309,31910819,21511219,21111709,12001819,31401009,31400319,21300009,10411119,20600019,22011909,41801419,40201409,40411319,0,11311219,31201009,0,10800209,31311609,41910019,30911709,10800109,20800309,40300509,20411819,11301719,0,21701119,31910419,30811409
24,104,441.531967488118,1,0,427087.707512402,427088.754535949,4,0,1,28,31,260237851,241169131,247069722,159656386,40901809,31110419,11700619,40000519,11100009,41701619,41300019,31711719,10711119,31111509,40801519,11411419,41701619,31510819,21310109,11310509,40200109,11811519,40710719,30911719,41101709,40310609,30511819,0,41001509,12010019,10511619,-3031011,0,11801119,40701009,0,41501319,31910619,30711309,0
24,105,424.343009421136,0,0,427102.965963097,427104.012997424,5,0,0,12,31,205748503,201257983,251668241,219629572,41101309,30811519,30201619,0,41010319,30100909,12011309,20511519,0,30610819,22011109,-4120090,30000409,31302019,11701609,40401019,0,31110909,30900419,10610209,21511009,40310419,41911019,12001319,41911609,31311119,21201119,21301509,11701909,40501109,11700309,41901709,0,31910909,20611809,40000309
24,106,394.307854643557,0,0,427105.565908972,427106.612936754,5,1,0,29,3,32010409,30900719,10200819,3080110,0,0,0,0,0,0,32010409,0,0,0,0,0,0,30900719,0,0,0,0,0,0,10200819,0,0,0,0,0,0,0,-3080110,0,0,0,0,0,0,0
24,107,322.654410207178,1,1,427108.13055533,427109.177591196,5,1,0,24,3,21201909,20400909,2190010,20001509,0,0,0,0,0,0,0,0,21201909,0,20400909,0,0,0,0,0,0,0,0,0,0,0,0,-2190010,0,0,0,20001509,0,0,0,0,0,0,0,0
24,108,471.826971916016,1,0,427110.518732209,427111.577534067,5,1,1,36,9,91832637,30211709,113914956,35761210,0,0,40610609,0,0,40410219,10811809,0,0,0,0,0,0,0,0,30211709,0,0,21901209,30701909,0,0,0,0,30011719,0,31300119,0,0,31711019,0,0,0,0,0,-4050191
24,109,437.312009220477,1,0,427113.259847661,427114.306877753,5,0,1,34,3,30210609,10300519,41311109,1090100,30210609,0,0,0,0,0,0,0,0,0,0,10300519,0,0,0,0,0,0,0,0,0,0,0,0,0,41311109,0,0,0,0,0,0,0,-1090100,0,0
24,110,537.11121273227,1,0,427115.848014839,427116.895043006,5,0,1,25,19,72733376,92622056,106044367,219867602,31100119,10911519,0,20611119,0,0,0,0,10110619,0,0,0,0,0,31200719,10810709,20200309,30410319,0,30700019,0,41501909,0,0,-2131120,0,31711319,41911519,21401619,30110209,0,41710409,10610409,11210609,22011519,40901309
24,111,511.086981685366,1,0,427118.53031034,427119.577341586,5,0,1,30,31,206656802,167277902,270728922,124517704,0,20210209,10511519,31510319,40510509,21401309,20000609,22001819,40510509,11811309,10310819,31511119,10110309,42011719,20500809,30311109,0,10710709,31900219,31801019,30900209,0,31911419,41111719,40101009,41701709,21301619,10111909,21010219,-1171011,30000219,11010209,10900309,20202009,0,20111819
24,112,513.296666089445,1,0,427121.189068851,427122.236083159,5,1,1,7,3,45740059,0,42000319,11601909,0,0,41710019,0,0,0,-4030040,0,0,0,0,0,0,0,0,0,0,0,0,0,0,0,0,42000319,0,0,0,11601909,0,0,0,0,0,0,0,0
24,113,329.570260480978,0,0,427123.812532466,427124.859559093,5,0,0,26,0,0,0,0,0,0,0,0,0,0,0,0,0,0,0,0,0,0,0,0,0,0,0,0,0,0,0,0,0,0,-30901791,0,0,0,0,0,0,0,0,0,0
24,114,376.419034902938,1,0,427126.247764845,427127.294797631,5,0,1,28,9,31812328,62523418,31701618,87914548,0,0,0,11311509,0,0,20500819,0,0,0,0,20711909,0,0,0,0,41811509,0,11301509,0,20400109,0,0,0,0,0,0,-4001001,0,31210809,32002019,0,20700719,0,0,0
24,115,365.597740630619,0,0,427128.847708794,427129.894740041,5,0,0,6,3,55283399,0,0,40701409,0,0,0,0,0,-4180071,20201909,0,30901419,0,0,0,0,0,0,0,0,0,0,0,0,0,0,0,0,0,0,0,0,0,0,0,0,0,0,40701409
24,116,346.878171898425,1,0,427131.471177029,427132.518197496,5,1,1,33,19,150755493,94515156,123303865,77203017,30900409,21910109,12010819,12012009,0,11911209,20300919,0,41710019,40400819,11501519,0,11600809,31012009,0,0,0,0,20400409,0,21600519,20200419,21101209,0,40001309,0,0,22000719,0,0,0,32001009,-1200180,22001109,0,0
24,117,434.161091572605,1,0,427134.024056625,427135.071077092,5,1,1,9,19,186086755,144125964,94833166,53003747,0,0,30310919,21010009,40201609,21311909,41110419,31111709,-1030181,20900909,10200519,42010909,30100709,0,0,10211009,30701909,0,10000019,31710509,0,0,11111819,42010819,0,0,0,10200809,0,20801719,0,0,0,0,22001219,0
24,118,324.670458503533,0,0,427136.553408471,427137.600437023,5,1,0,10,0,0,0,0,0,0,0,0,0,0,0,0,0,0,-20811691,0,0,0,0,0,0,0,0,0,0,0,0,0,0,0,0,0,0,0,0,0,0,0,0,0,0
24,119,419.511345797218,1,0,427138.94158843,427139.988614672,5,1,1,11,31,230750221,171700204,205039393,196248412,20701809,20811119,42000419,40602019,11011709,41301009,11311409,11010009,32000719,11212019,-3071001,11601009,40501809,0,10600819,42011519,21601609,31100419,21110809,40101509,0,30411919,20810709,41900409,0,40202019,10502019,40210009,11311909,0,20810409,40412019,11101919,21800119,40301209,10300819
24,120,484.681637783069,1,0,427141.553295677,427142.600321534,5,0,1,35,9,31600719,64016676,62002618,53311988,31600719,0,0,0,0,0,0,0,0,0,0,10801019,0,20501819,12012019,0,0,20701819,41301509,0,0,20701109,0,0,0,0,0,41811219,0,0,0,0,0,0,-1000150,10500619
24,121,670.658533868846,0,0,427144.200290891,427145.247364099,5,1,0,26,19,73620528,226844084,167993086,188448304,0,0,0,0,0,0,0,31710219,41910309,40710809,20210119,41802019,41810309,40300009,0,0,42010819,0,31800009,41911019,0,21600219,31201519,0,40310309,-1170011,0,0,40301319,42010519,22010619,41812019,31101909,11211919,0,0
24,122,507.885249040555,1,0,427147.106104055,427148.153123753,5,1,1,14,9,52733737,83834907,31111819,42212018,10411709,0,0,0,10610619,0,31711409,0,0,0,21501909,0,0,-1031160,0,0,40300119,21001719,0,0,0,31111819,0,0,0,0,0,0,31602009,0,0,0,0,10610009,0,0
24,123,478.131886804476,1,0,427149.858977415,427150.906000962,5,1,1,19,9,83813557,62321628,13810359,94813637,11600419,0,0,0,0,0,40312019,31901119,0,41011109,0,0,0,0,0,0,0,21310519,-3000050,0,0,0,0,0,0,0,10810309,0,0,21400609,0,31801409,0,0,41611619,0
24,124,411.181913397741,0,0,427152.45891867,427153.505934518,5,0,0,8,19,84744767,114734375,188754774,142124376,0,11001919,0,10700319,0,41601719,20400719,-1040091,0,21810719,0,0,12000709,40000209,0,0,10211119,30711619,0,41410819,21711009,0,21310619,21301209,41010809,42010309,0,20112019,0,40000619,40901019,0,0,0,0,41110719
24,125,441.573158430401,0,0,427155.035316391,427156.082347638,5,1,0,4,31,120017984,231129031,197857093,188037412,10311309,11210719,11900809,-2060091,0,10001309,31910819,21511219,21111709,12001819,31401009,31400319,21300009,10411119,20600019,22011909,41801419,40201409,40411319,0,11311219,31201009,0,10800209,31311609,41910019,30911709,10800109,20800309,40300509,20411819,11301719,0,21701119,31910419,30811409
24,126,727.902064216323,0,0,427157.588196757,427158.635236088,5,0,0,1,9,47626638,40400719,51411728,82432547,-4191191,0,10112009,0,21911519,0,0,0,11411919,0,0,0,0,40400719,0,0,0,0,0,20501519,0,0,0,30910209,0,0,0,0,0,40810709,0,0,0,0,20011719,21610119
24,127,491.778805386275,0,0,427160.435202288,427161.48223007,5,0,0,5,31,197637204,216569611,195431401,214425694,0,40211109,10901109,22011009,-2091011,30901409,41210219,10010419,40300919,11910519,30401609,40411609,10000419,30911509,30510709,31410809,10100509,20911919,11011509,20211809,20501119,20200019,31102009,30001109,20901709,30201109,11301009,0,30900709,31101819,0,30000019,0,40401319,41110809,40911019
24,128,488.14206518,1,0,427163.152777672,427164.199800834,5,0,1,20,19,186435984,136925755,107913026,105421866,30401309,41711319,41610909,0,30010219,31800609,0,10901619,0,0,41300609,31201819,0,0,31811909,10711309,0,21900109,31211319,-2190060,0,22010109,0,0,0,21700719,30800819,0,21900019,0,0,11311019,31100819,0,41110009,0
24,129,494.142089853995,0,0,427165.74094716,427166.787972632,5,0,0,22,3,0,11201009,24092490,31011909,0,0,0,0,0,0,0,0,0,0,0,0,0,11201009,0,0,0,0,0,0,0,-2191081,0,0,0,21901409,0,0,0,0,0,0,0,31011909,0,0
24,130,376.391317578964,0,0,427168.458535632,427169.505554175,5,1,0,3,31,168635923,237536041,147470002,229950293,20201209,31601409,-3030040,0,30401319,20401109,21900709,30600109,10500019,40200219,21210409,10500719,30810319,10100119,20100419,31810509,31101519,41701809,22011619,21101609,20701609,11710209,10711009,0,30110419,20911709,10211819,31601709,41001719,30911509,40701719,0,0,12010909,31911319,41811409
24,131,484.866804734338,0,0,427182.117026595,427183.164060921,6,0,0,35,3,0,30811519,31110009,36062159,0,0,0,0,0,0,0,0,0,0,0,0,0,0,30811519,0,0,0,0,0,0,31110009,0,0,0,0,0,0,0,0,0,32001109,0,0,-4061050,0
24,132,418.084675038699,0,0,427184.775791265,427185.822817893,6,1,0,4,31,120017984,231129031,197857093,188037412,10311309,11210719,11900809,-2060091,0,10001309,31910819,21511219,21111709,12001819,31401009,31400319,21300009,10411119,20600019,22011909,41801419,40201409,40411319,0,11311219,31201009,0,10800209,31311609,41910019,30911709,10800109,20800309,40300509,20411819,11301719,0,21701119,31910419,30811409
24,133,375.217567081563,1,0,427187.328679716,427188.375695949,6,0,1,6,19,86963217,164846164,105335366,94907955,11611219,0,41310109,0,10900509,-2040061,21101319,0,0,21411009,10300409,0,21601519,30111509,40811109,0,40610609,0,0,41910119,0,32011609,20302019,0,11111619,0,0,0,31401409,0,21802009,20402019,10401009,0,10901509,0
24,134,435.134276631288,0,0,427189.881548918,427190.928580164,6,0,0,34,31,226856303,247468431,207557322,190159923,41611309,10210819,41900709,41011319,0,40811709,0,10000219,41310219,31510409,41601319,30310919,11311309,20011109,11800019,30011019,40711719,30200609,31710919,10710319,20301619,30900309,41010119,11401409,30011619,31511009,0,21411909,31601709,20301619,0,31111519,40410409,-3021130,21600819,20700809
24,135,452.656997134909,0,0,427192.505083751,427193.552043394,6,0,0,30,19,123122276,135625285,166633775,123734755,0,0,0,0,30210919,0,30300819,21900519,40710019,30010319,21600919,0,40601419,31900809,0,0,11511819,0,0,41211209,11210009,0,0,0,41800919,31801619,40610019,20110209,10411319,-1000190,0,0,10410319,41700909,0,40101809
24,136,434.629975876305,1,0,427195.15202276,427196.199066326,6,1,1,11,31,230750221,171700204,205039393,196248412,20701809,20811119,42000419,40602019,11011709,41301009,11311409,11010009,32000719,11212019,-3071001,11601009,40501809,0,10600819,42011519,21601609,31100419,21110809,40101509,0,30411919,20810709,41900409,0,40202019,10502019,40210009,11311909,0,20810409,40412019,11101919,21800119,40301209,10300819
24,137,354.771056852769,0,0,427197.846070779,427198.893093556,6,1,0,33,19,150755493,94515156,123303865,77203017,30900409,21910109,12010819,12012009,0,11911209,20300919,0,41710019,40400819,11501519,0,11600809,31012009,0,0,0,0,20400409,0,21600519,20200419,21101209,0,40001309,0,0,22000719,0,0,0,32001009,-1200180,22001109,0,0
24,138,398.409244546201,0,0,427200.328364816,427201.375387209,6,1,0,10,0,0,0,0,0,0,0,0,0,0,0,0,0,0,-20811691,0,0,0,0,0,0,0,0,0,0,0,0,0,0,0,0,0,0,0,0,0,0,0,0,0,0
24,139,579.664191289339,0,0,427202.893005015,427203.940038187,6,1,0,29,3,32010409,30900719,10200819,3080110,0,0,0,0,0,0,32010409,0,0,0,0,0,0,30900719,0,0,0,0,0,0,10200819,0,0,0,0,0,0,0,-3080110,0,0,0,0,0,0,0
24,140,366.813067055773,0,0,427205.59887985,427206.645883764,6,1,0,7,3,45740059,0,42000319,11601909,0,0,41710019,0,0,0,-4030040,0,0,0,0,0,0,0,0,0,0,0,0,0,0,0,0,42000319,0,0,0,11601909,0,0,0,0,0,0,0,0
24,141,321.665056690108,0,0,427208.139993069,427209.186961567,6,0,0,20,3,102511247,0,4151130,0,0,0,0,0,20410419,41900609,0,0,40200219,0,0,0,0,0,0,0,0,0,0,-4151130,0,0,0,0,0,0,0,0,0,0,0,0,0,0,0,0
24,142,346.488974872045,0,1,427210.575176557,427211.622205494,6,1,1,19,9,83813557,62321628,13810359,94813637,11600419,0,0,0,0,0,40312019,31901119,0,41011109,0,0,0,0,0,0,0,21310519,-3000050,0,0,0,0,0,0,0,10810309,0,0,21400609,0,31801409,0,0,41611619,0
24,143,433.764195302501,0,0,427213.080999884,427214.128028436,6,0,0,28,9,0,11610809,215648593,33571470,0,0,0,0,0,0,0,0,0,0,0,0,11610809,0,0,0,0,0,41510009,0,0,41812019,20111909,30601909,20600619,20711119,40301009,-3061161,0,30510309,0,0,0,0,0,0
24,144,439.414289081469,1,0,427215.669171682,427216.71619677,6,0,1,5,9,82153208,61534557,32011119,21502128,0,0,0,30600319,-1140061,0,10101419,40311409,0,0,20911119,0,30111619,10511819,0,0,0,0,0,0,0,0,0,0,0,32011119,0,0,10800319,0,0,0,10701809,0,0,0
24,145,588.4979244438,1,0,427218.269106778,427219.316136099,6,0,1,25,19,121014056,189958423,117164597,113733156,40100409,0,0,20301309,0,20101919,0,40510419,0,0,21211819,0,31610819,41611019,10901319,31900209,20712019,32011219,31001119,0,0,11311209,30301609,0,-3040151,0,41510509,0,11710519,30610709,0,0,40501909,0,0,30910019
24,146,412.497330049519,0,0,427221.010221075,427222.057247317,6,1,0,26,19,73620528,226844084,167993086,188448304,0,0,0,0,0,0,0,31710219,41910309,40710809,20210119,41802019,41810309,40300009,0,0,42010819,0,31800009,41911019,0,21600219,31201519,0,40310309,-1170011,0,0,40301319,42010519,22010619,41812019,31101909,11211919,0,0
24,147,402.091795287561,1,0,427223.645451836,427224.692480388,6,0,1,22,9,41321928,102415945,42921690,31600009,0,30310009,0,0,0,0,11011919,0,0,30400809,0,10000809,20310909,0,21601809,0,0,20101609,0,0,0,-1010071,0,0,0,41911619,0,0,0,31600009,0,0,0,0,0,0
24,148,855.664554692339,1,0,427226.16304385,427227.210059698,6,1,1,14,9,52733737,83834907,31111819,42212018,10411709,0,0,0,10610619,0,31711409,0,0,0,21501909,0,0,-1031160,0,0,40300119,21001719,0,0,0,31111819,0,0,0,0,0,0,31602009,0,0,0,0,10610009,0,0
24,149,476.518124225549,1,0,427229.210022357,427230.257044749,6,1,1,3,31,168635923,237536041,147470002,229950293,20201209,31601409,-3030040,0,30401319,20401109,21900709,30600109,10500019,40200219,21210409,10500719,30810319,10100119,20100419,31810509,31101519,41701809,22011619,21101609,20701609,11710209,10711009,0,30110419,20911709,10211819,31601709,41001719,30911509,40701719,0,0,12010909,31911319,41811409
24,150,711.804089718498,1,0,427231.821725754,427232.868763545,6,1,1,9,19,186086755,144125964,94833166,53003747,0,0,30310919,21010009,40201609,21311909,41110419,31111709,-1030181,20900909,10200519,42010909,30100709,0,0,10211009,30701909,0,10000019,31710509,0,0,11111819,42010819,0,0,0,10200809,0,20801719,0,0,0,0,22001219,0
24,151,469.783976208419,0,0,427234.668720506,427235.715750598,6,1,0,36,9,91832637,30211709,113914956,35761210,0,0,40610609,0,0,40410219,10811809,0,0,0,0,0,0,0,0,30211709,0,0,21901209,30701909,0,0,0,0,30011719,0,31300119,0,0,31711019,0,0,0,0,0,-4050191
24,152,458.702062314842,0,0,427237.303949343,427238.350974431,6,1,0,24,3,21201909,20400909,2190010,20001509,0,0,0,0,0,0,0,0,21201909,0,20400909,0,0,0,0,0,0,0,0,0,0,0,0,-2190010,0,0,0,20001509,0,0,0,0,0,0,0,0
24,153,463.514092902187,1,0,427239.892123836,427240.939151233,6,0,1,1,31,229948613,217636422,225350512,160345602,-3110010,20701019,0,41101319,20901909,21310119,41711609,40411219,40701409,31101319,40400509,31410209,20002009,0,41100319,11410319,12011119,30200619,10811919,30800709,10611509,40310809,40700519,20311519,40602009,31201519,0,0,12010509,21200609,20211009,21511209,21811119,31000019,21500109,11101019
24,154,444.311396277044,1,0,427242.586176089,427243.633207721,6,0,1,8,3,3110050,21700909,30101809,31501509,0,0,0,0,0,0,0,-3110050,0,21700909,0,0,0,0,0,0,0,0,0,0,0,0,0,0,0,0,30101809,31501509,0,0,0,0,0,0,0,0
24,155,371.827587834559,1,0,427245.115529861,427246.162620776,6,0,1,22,0,0,0,0,0,0,0,0,0,0,0,0,0,0,0,0,0,0,0,0,0,0,0,0,0,0,-41601901,0,0,0,0,0,0,0,0,0,0,0,0,0,0
24,156,420.242389489431,1,0,427247.727232103,427248.7742595,6,0,1,12,31,174836074,179087432,190756841,238425312,40800119,40201709,12010319,0,21011309,0,20601809,0,40210809,40600309,21210209,-1141120,11001119,41012019,11900609,11101719,20810209,20310119,11710719,21700519,31410119,30300809,10701419,11711409,31510509,20800419,20910919,11200109,41200809,40500319,31701719,10400309,31000319,32010419,40411309,0
24,157,514.747204608284,1,0,427260.150458273,427261.19754149,7,0,1,35,19,145436165,155436104,144735475,86652637,0,42011319,32001309,10410819,0,30201609,0,30811109,0,40601209,31801719,30110319,0,11910819,20611219,20400819,0,0,31001619,41910219,10111409,21500719,0,0,0,40211509,0,0,0,0,21300709,0,31710309,0,-2140200,31501419
24,158,480.953661492094,0,0,427262.903343182,427263.950369424,7,0,0,12,3,10700309,74684249,0,0,0,0,0,0,0,0,0,0,10700309,0,0,-3061121,0,0,30512019,0,0,41111109,0,0,0,0,0,0,0,0,0,0,0,0,0,0,0,0,0,0
24,159,426.232790050562,0,0,427265.609157962,427266.656184589,7,0,0,34,19,112736456,124512056,93134647,232969402,0,30111409,31111809,21011319,0,0,30501919,0,0,0,0,0,31100619,0,31610909,20300109,0,41500419,0,0,40811409,11511519,40811719,0,0,0,0,22011019,31401119,41911609,41901809,11510519,40512019,-1110180,11810209,30800919
24,160,397.650098602753,1,0,427268.138515968,427269.185610733,7,0,1,30,9,63811227,72820538,0,89205886,0,0,11400009,21800809,0,0,0,0,30610409,0,0,0,31410319,41410219,0,0,0,0,0,0,0,0,0,0,0,0,0,0,0,-4171120,0,10910319,0,11611509,31911719,30601219
24,161,449.522247945424,1,0,427270.667857805,427271.714893287,7,1,1,24,3,21201909,20400909,2190010,20001509,0,0,0,0,0,0,0,0,21201909,0,20400909,0,0,0,0,0,0,0,0,0,0,0,0,-2190010,0,0,0,20001509,0,0,0,0,0,0,0,0
24,162,363.686787080951,0,0,427273.232515327,427274.279586225,7,1,0,14,9,52733737,83834907,31111819,42212018,10411709,0,0,0,10610619,0,31711409,0,0,0,21501909,0,0,-1031160,0,0,40300119,21001719,0,0,0,31111819,0,0,0,0,0,0,31602009,0,0,0,0,10610009,0,0
24,163,410.845456237439,1,0,427275.738332495,427276.785350653,7,1,1,7,3,45740059,0,42000319,11601909,0,0,41710019,0,0,0,-4030040,0,0,0,0,0,0,0,0,0,0,0,0,0,0,0,0,42000319,0,0,0,11601909,0,0,0,0,0,0,0,0
24,164,440.568791411351,1,0,427278.314744075,427279.361761848,7,0,1,1,31,160314424,186549612,220668951,247648912,-3191140,30810809,20300619,21700419,21600209,0,31501109,0,31210119,30312009,11211119,31401309,40002009,10000019,41111719,11700319,10811109,0,10511519,11910609,30711319,31800019,12011309,30701919,20210519,31101519,41710219,10001209,41711009,30612009,31400219,40910919,30501609,0,20511819,42000119
24,165,416.003567981534,0,0,427280.879439324,427281.926414366,7,1,0,33,19,150755493,94515156,123303865,77203017,30900409,21910109,12010819,12012009,0,11911209,20300919,0,41710019,40400819,11501519,0,11600809,31012009,0,0,0,0,20400409,0,21600519,20200419,21101209,0,40001309,0,0,22000719,0,0,0,32001009,-1200180,22001109,0,0
24,166,479.799929016735,1,0,427283.420499803,427284.467534514,7,1,1,19,9,83813557,62321628,13810359,94813637,11600419,0,0,0,0,0,40312019,31901119,0,41011109,0,0,0,0,0,0,0,21310519,-3000050,0,0,0,0,0,0,0,10810309,0,0,21400609,0,31801409,0,0,41611619,0
24,167,426.647779589985,0,0,427286.114558215,427287.161593697,7,0,0,6,9,45455108,21802019,52302337,21221838,0,10010509,0,21711809,0,-3121171,0,10611619,0,0,0,0,0,0,21802019,0,0,0,0,20500009,11601609,0,0,0,0,0,20200719,0,10110819,0,0,11111019,0,0,0,0
24,168,455.139619938564,1,0,427288.620376538,427289.667410094,7,1,1,36,9,91832637,30211709,113914956,35761210,0,0,40610609,0,0,40410219,10811809,0,0,0,0,0,0,0,0,30211709,0,0,21901209,30701909,0,0,0,0,30011719,0,31300119,0,0,31711019,0,0,0,0,0,-4050191
24,169,395.478910417296,0,0,427291.255608455,427292.302637776,7,1,0,9,19,186086755,144125964,94833166,53003747,0,0,30310919,21010009,40201609,21311909,41110419,31111709,-1030181,20900909,10200519,42010909,30100709,0,0,10211009,30701909,0,10000019,31710509,0,0,11111819,42010819,0,0,0,10200809,0,20801719,0,0,0,0,22001219,0
24,170,392.329147725832,0,0,427293.832016955,427294.879041272,7,1,0,26,19,73620528,226844084,167993086,188448304,0,0,0,0,0,0,0,31710219,41910309,40710809,20210119,41802019,41810309,40300009,0,0,42010819,0,31800009,41911019,0,21600219,31201519,0,40310309,-1170011,0,0,40301319,42010519,22010619,41812019,31101909,11211919,0,0
24,171,357.76644962607,0,0,427296.30254962,427297.349573552,7,0,0,20,3,21611309,63223738,3131101,0,0,0,0,0,21611309,0,0,0,0,0,31411919,0,31811819,0,0,0,0,0,0,-3131101,0,0,0,0,0,0,0,0,0,0,0,0,0,0,0,0
24,172,422.949830361176,0,0,427298.820130085,427299.867160177,7,0,0,28,9,71522318,125823736,0,94074468,0,30510709,0,0,0,0,0,0,41011609,31000009,21411809,0,0,0,41801009,31610909,0,0,0,0,0,0,0,0,0,0,0,-1061031,0,41702019,0,0,0,31311109,0,20000309
24,173,348.234779550694,1,1,427301.478886671,427302.525924462,7,1,0,29,3,32010409,30900719,10200819,3080110,0,0,0,0,0,0,32010409,0,0,0,0,0,0,30900719,0,0,0,0,0,0,10200819,0,0,0,0,0,0,0,-3080110,0,0,0,0,0,0,0
24,174,432.4010432465,1,0,427303.937659889,427304.984683051,7,0,1,33,0,0,0,0,0,0,0,0,0,0,0,0,0,0,0,0,0,0,0,0,0,0,0,0,0,0,0,0,0,0,0,0,0,0,0,0,0,-31311991,0,0,0
24,175,500.505519041326,1,0,427306.584657412,427307.6316825,7,1,1,11,31,230750221,171700204,205039393,196248412,20701809,20811119,42000419,40602019,11011709,41301009,11311409,11010009,32000719,11212019,-3071001,11601009,40501809,0,10600819,42011519,21601609,31100419,21110809,40101509,0,30411919,20810709,41900409,0,40202019,10502019,40210009,11311909,0,20810409,40412019,11101919,21800119,40301209,10300819
24,176,555.33725960413,1,0,427309.172826901,427310.219851603,7,0,1,25,19,101615237,206846593,114122316,175735665,30501419,30712009,0,0,0,0,40401809,0,0,20210909,40210619,10211319,31301209,31500019,0,41801609,31610909,0,0,0,31310919,41210919,20210109,20200309,-1190060,0,0,0,30110409,0,41611609,41910609,0,42001719,20101319,0
24,177,477.76347771287,0,0,427311.890403439,427312.937437765,7,0,0,5,31,209338054,207259791,145554993,239559051,31901809,31711309,41211209,0,-1000200,40601409,21210609,0,41701509,10411709,21411509,30301519,11810309,30501709,20511409,20400809,30010109,31900709,21901409,0,20010409,30911819,20210009,0,10011219,30700119,11810009,40411509,11111319,10310209,10511219,30810719,12000319,41301819,41601319,41500619
24,178,479.545853857417,1,0,427314.525637665,427315.572665062,7,0,1,22,3,61923328,41900009,2001021,0,0,0,0,20911719,0,0,0,0,41011609,0,41900009,0,0,0,0,0,0,0,0,0,0,-2001021,0,0,0,0,0,0,0,0,0,0,0,0,0,0
24,179,419.697282661218,0,0,427317.243222288,427318.290310124,7,1,0,3,31,168635923,237536041,147470002,229950293,20201209,31601409,-3030040,0,30401319,20401109,21900709,30600109,10500019,40200219,21210409,10500719,30810319,10100119,20100419,31810509,31101519,41701809,22011619,21101609,20701609,11710209,10711009,0,30110419,20911709,10211819,31601709,41001719,30911509,40701719,0,0,12010909,31911319,41811409
24,180,506.979047437198,1,0,427319.90197849,427320.949006657,7,1,1,4,31,120017984,231129031,197857093,188037412,10311309,11210719,11900809,-2060091,0,10001309,31910819,21511219,21111709,12001819,31401009,31400319,21300009,10411119,20600019,22011909,41801419,40201409,40411319,0,11311219,31201009,0,10800209,31311609,41910019,30911709,10800109,20800309,40300509,20411819,11301719,0,21701119,31910419,30811409
24,181,509.166789008304,1,0,427322.560742776,427323.607771712,7,0,1,8,31,158147504,246216341,278640902,238339332,11611209,31711809,21100519,0,20100519,40011319,0,-3111020,30501109,40310619,30601619,11500119,40400719,10000409,42000009,10101319,30400109,30901419,21810309,40101909,0,41401809,31001609,41700319,41201319,40011919,21411709,40901219,11611919,40301619,11511419,40300309,41001119,31511219,21200509,0
24,182,438.699798774906,0,0,427325.172440398,427326.219463176,7,1,0,10,0,0,0,0,0,0,0,0,0,0,0,0,0,0,-20811691,0,0,0,0,0,0,0,0,0,0,0,0,0,0,0,0,0,0,0,0,0,0,0,0,0,0
24,183,483.437439193949,1,0,427339.607387905,427340.654422616,8,1,1,19,9,83813557,62321628,13810359,94813637,11600419,0,0,0,0,0,40312019,31901119,0,41011109,0,0,0,0,0,0,0,21310519,-3000050,0,0,0,0,0,0,0,10810309,0,0,21400609,0,31801409,0,0,41611619,0
24,184,487.071484676562,1,0,427342.336743524,427343.383766686,8,1,1,4,31,120017984,231129031,197857093,188037412,10311309,11210719,11900809,-2060091,0,10001309,31910819,21511219,21111709,12001819,31401009,31400319,21300009,10411119,20600019,22011909,41801419,40201409,40411319,0,11311219,31201009,0,10800209,31311609,41910019,30911709,10800109,20800309,40300509,20411819,11301719,0,21701119,31910419,30811409
24,185,393.881701224018,0,0,427344.972033955,427346.019034405,8,1,0,29,3,32010409,30900719,10200819,3080110,0,0,0,0,0,0,32010409,0,0,0,0,0,0,30900719,0,0,0,0,0,0,10200819,0,0,0,0,0,0,0,-3080110,0,0,0,0,0,0,0
24,186,443.74588644132,0,0,427347.560151473,427348.607168476,8,0,0,22,19,123536874,178038203,84733958,41313837,30400809,10601719,10311819,31301509,20110309,0,0,0,20810709,12001919,31100309,20310709,0,11201409,30011819,31711319,41700719,0,32011809,0,21410109,-1001021,30311019,0,0,0,0,0,0,11001309,0,20210609,0,10101919,0,0
24,187,395.944330026396,1,0,427350.124785513,427351.171810985,8,0,1,5,31,182636143,198036092,187258903,239159231,0,20901219,10801209,21700309,-4020060,31610309,20801209,41100219,31701609,11700509,10710009,31811609,41300709,41501009,30301519,0,10310309,20400419,21110919,31212009,0,40310509,21512019,0,41201809,11100619,20811019,20600619,31310909,41211819,20910119,10911019,40402009,41901119,21210209,10701409
24,188,427.955112012569,1,0,427352.771782652,427353.818804274,8,1,1,10,0,0,0,0,0,0,0,0,0,0,0,0,0,0,-20811691,0,0,0,0,0,0,0,0,0,0,0,0,0,0,0,0,0,0,0,0,0,0,0,0,0,0
24,189,564.288021414541,0,0,427355.289373125,427356.336403987,8,0,0,30,19,124322746,156345693,81803437,135074295,0,0,0,30810609,0,41810819,40701009,0,11000309,40211509,20900019,41300809,11210109,0,0,10510819,11001219,21211209,0,20400609,0,0,0,21301609,0,40101219,0,40600819,0,-1051140,20600709,10300109,0,0,41911009,20610509
24,190,476.090430922341,1,0,427357.912834431,427358.959868757,8,1,1,24,3,21201909,20400909,2190010,20001509,0,0,0,0,0,0,0,0,21201909,0,20400909,0,0,0,0,0,0,0,0,0,0,0,0,-2190010,0,0,0,20001509,0,0,0,0,0,0,0,0
24,191,407.075134047773,1,0,427360.618654986,427361.665685462,8,0,1,34,3,21101719,0,50810838,4101101,0,21101719,0,0,0,0,0,0,0,0,0,0,0,0,0,0,0,0,0,0,0,20310819,0,0,0,30500019,0,0,0,0,0,0,0,-4101101,0,0
24,192,365.788296971004,0,0,427363.206831403,427364.25391539,8,1,0,14,9,52733737,83834907,31111819,42212018,10411709,0,0,0,10610619,0,31711409,0,0,0,21501909,0,0,-1031160,0,0,40300119,21001719,0,0,0,31111819,0,0,0,0,0,0,31602009,0,0,0,0,10610009,0,0
24,193,466.632288706023,0,0,427365.736185174,427366.783213341,8,0,0,12,31,236478541,172076963,218652122,135830093,21610609,10500719,10511319,30910419,40711609,10111309,40710619,31311819,40100119,11710309,40210009,-4030190,21500409,31101919,21811509,10511509,31201109,0,0,41012019,40110309,10901809,32011519,21201209,11702019,40111419,21601819,0,11100909,0,10101619,41711209,20401719,11002019,20900909,20611709
24,194,499.895738495979,1,0,427368.394950615,427369.441973778,8,1,1,33,19,150755493,94515156,123303865,77203017,30900409,21910109,12010819,12012009,0,11911209,20300919,0,41710019,40400819,11501519,0,11600809,31012009,0,0,0,0,20400409,0,21600519,20200419,21101209,0,40001309,0,0,22000719,0,0,0,32001009,-1200180,22001109,0,0
24,195,366.704507672694,0,0,427370.994884556,427372.041900404,8,1,0,7,3,45740059,0,42000319,11601909,0,0,41710019,0,0,0,-4030040,0,0,0,0,0,0,0,0,0,0,0,0,0,0,0,0,42000319,0,0,0,11601909,0,0,0,0,0,0,0,0
24,196,528.113485546783,1,0,427373.500709807,427374.54772912,8,1,1,26,19,73620528,226844084,167993086,188448304,0,0,0,0,0,0,0,31710219,41910309,40710809,20210119,41802019,41810309,40300009,0,0,42010819,0,31800009,41911019,0,21600219,31201519,0,40310309,-1170011,0,0,40301319,42010519,22010619,41812019,31101909,11211919,0,0
24,197,479.085237311665,0,0,427376.135980605,427377.182757978,8,1,0,11,31,230750221,171700204,205039393,196248412,20701809,20811119,42000419,40602019,11011709,41301009,11311409,11010009,32000719,11212019,-3071001,11601009,40501809,0,10600819,42011519,21601609,31100419,21110809,40101509,0,30411919,20810709,41900409,0,40202019,10502019,40210009,11311909,0,20810409,40412019,11101919,21800119,40301209,10300819
24,198,428.832441451959,0,0,427378.841748806,427379.888830097,8,0,0,1,31,260337412,135025874,208938812,260658731,-1111000,31200419,11900519,31001119,40300319,21011109,41911509,41401109,40500309,0,0,41701919,41401009,20700419,0,11011009,10010309,10201209,20410609,21811319,0,21701319,30901319,30601709,11400309,31500619,40611609,20510809,42001519,40101519,11800119,21611409,20710609,40810319,31900609,31211819
24,199,489.328519441187,1,0,427381.406389389,427382.453422176,8,0,1,20,9,81722447,112711547,15321270,52001428,0,0,0,10410019,40511019,30801409,0,0,0,40800509,0,40700819,0,31210219,0,0,0,0,0,-4021151,11300119,0,0,0,0,0,0,31100809,0,0,0,0,20900619,0,0,0
24,200,519.230477220844,0,0,427383.9592763,427385.006302927,8,1,0,36,9,91832637,30211709,113914956,35761210,0,0,40610609,0,0,40410219,10811809,0,0,0,0,0,0,0,0,30211709,0,0,21901209,30701909,0,0,0,0,30011719,0,31300119,0,0,31711019,0,0,0,0,0,-4050191
24,201,469.587645377032,1,0,427386.618033656,427387.665064133,8,0,1,35,9,103314666,82521918,11210219,63844048,11901809,0,0,30500119,0,20601219,40311519,0,0,0,41011509,0,0,0,41510409,0,0,0,0,0,0,0,0,0,0,11210219,0,0,21101919,0,0,0,0,41601109,-1141020,0
24,202,620.383593719453,0,0,427389.206280522,427390.253238241,8,0,0,8,9,54523858,41410809,52810328,93523147,10702019,0,11410409,0,0,0,30411319,-2000111,0,0,0,41410809,0,0,0,0,0,0,0,0,0,0,0,0,21600019,31210309,0,0,41701209,0,0,0,40711019,11110919,0,0
24,203,448.926711047534,1,0,427391.935555684,427392.982582696,8,0,1,25,3,10811519,30010509,13832860,0,0,0,10811519,0,0,0,0,0,0,0,0,30010509,0,0,0,0,0,0,0,0,0,0,10811719,0,-3021141,0,0,0,0,0,0,0,0,0,0,0
24,204,473.463832226116,1,0,427394.606077108,427395.65310489,8,0,1,28,3,10501009,41611719,0,34480430,0,0,0,0,0,10501009,0,0,0,0,0,0,41611719,0,0,0,0,0,0,0,0,0,0,0,0,0,0,-4070021,0,0,0,0,0,0,0,30410409
24,205,445.550590404309,0,0,427397.300125511,427398.347167922,8,0,0,6,19,106115405,125124146,93835385,174036575,41811509,11810519,0,0,0,-1170030,11011519,10000919,30310909,0,41800519,31211709,0,10900609,41211309,0,0,0,11300409,10510419,0,11401119,0,30412019,0,30211419,0,20611709,40811819,40101709,0,41300319,0,0,31211019,0
24,206,410.358478780836,0,0,427399.888300004,427400.935330481,8,1,0,9,19,186086755,144125964,94833166,53003747,0,0,30310919,21010009,40201609,21311909,41110419,31111709,-1030181,20900909,10200519,42010909,30100709,0,0,10211009,30701909,0,10000019,31710509,0,0,11111819,42010819,0,0,0,10200809,0,20801719,0,0,0,0,22001219,0
24,207,423.840248491615,1,0,427402.511776323,427403.558814884,8,1,1,3,31,168635923,237536041,147470002,229950293,20201209,31601409,-3030040,0,30401319,20401109,21900709,30600109,10500019,40200219,21210409,10500719,30810319,10100119,20100419,31810509,31101519,41701809,22011619,21101609,20701609,11710209,10711009,0,30110419,20911709,10211819,31601709,41001719,30911509,40701719,0,0,12010909,31911319,41811409
24,208,577.575770032126,0,0,427405.099950046,427406.146968203,8,0,0,5,0,0,0,0,0,0,0,0,0,-21611601,0,0,0,0,0,0,0,0,0,0,0,0,0,0,0,0,0,0,0,0,0,0,0,0,0,0,0,0,0,0,0
24,209,713.11142219929,0,0,427419.95840667,427421.005439841,9,0,0,20,3,0,0,24941690,51512828,0,0,0,0,0,0,0,0,0,0,0,0,0,0,0,0,0,0,0,-3141071,0,21800619,0,0,0,0,0,0,0,30611309,0,0,20901519,0,0,0
24,210,428.505608288106,1,0,427422.734816248,427423.78184249,9,0,1,22,3,21611709,0,1081051,42721638,0,21611709,0,0,0,0,0,0,0,0,0,0,0,0,0,0,0,0,0,0,0,-1081051,0,0,0,0,0,0,21810719,20910919,0,0,0,0,0,0
24,211,395.248702843674,0,0,427425.311222439,427426.358251376,9,1,0,10,0,0,0,0,0,0,0,0,0,0,0,0,0,0,-20811691,0,0,0,0,0,0,0,0,0,0,0,0,0,0,0,0,0,0,0,0,0,0,0,0,0,0
24,212,510.66313800402,1,0,427427.887632864,427428.934659876,9,0,1,25,9,83312247,32322328,3040151,74433446,21900209,0,0,0,20201119,0,0,0,41210919,0,0,0,0,21510909,10811419,0,0,0,0,0,0,0,0,0,-3040151,0,0,0,0,0,0,22001709,21710319,0,10211109,20510309
24,213,475.432145176455,1,0,427430.522867861,427431.569905652,9,0,1,34,31,260047232,204734874,221161031,241519082,40601719,21410819,30601619,41000719,0,21910509,41511109,21100219,41910519,0,40310519,40400109,41600919,41700409,30211609,0,0,10511309,12001409,40501919,11301419,31710909,30900919,10810819,20311919,31611409,32010309,30410719,41310609,30900209,20111519,21801919,40011719,-4160150,31910619,20901619
24,214,533.17304700613,0,0,427433.146330706,427434.193349249,9,0,0,30,9,21911538,62222028,0,98827015,0,0,10200219,0,11711319,0,0,0,0,0,0,0,31911609,0,0,0,0,30310419,0,0,0,0,0,0,0,0,0,0,0,-4001040,11100819,20101909,11211619,31810619,20601009,0
24,215,385.584220755845,1,0,427435.875674776,427436.922702558,9,1,1,14,9,52733737,83834907,31111819,42212018,10411709,0,0,0,10610619,0,31711409,0,0,0,21501909,0,0,-1031160,0,0,40300119,21001719,0,0,0,31111819,0,0,0,0,0,0,31602009,0,0,0,0,10610009,0,0
24,216,455.648925271817,1,0,427438.475611026,427439.522640733,9,0,1,28,3,0,0,21610138,33762789,0,0,0,0,0,0,0,0,0,0,0,0,0,0,0,0,0,0,0,0,11300119,0,0,10310019,0,0,0,-2061180,0,0,0,0,0,31701609,0,0
24,217,442.502457823139,0,0,427441.016733099,427442.063758186,9,1,0,11,31,230750221,171700204,205039393,196248412,20701809,20811119,42000419,40602019,11011709,41301009,11311409,11010009,32000719,11212019,-3071001,11601009,40501809,0,10600819,42011519,21601609,31100419,21110809,40101509,0,30411919,20810709,41900409,0,40202019,10502019,40210009,11311909,0,20810409,40412019,11101919,21800119,40301209,10300819
24,218,430.294528836384,0,0,427443.5931416,427444.640167072,9,1,0,26,19,73620528,226844084,167993086,188448304,0,0,0,0,0,0,0,31710219,41910309,40710809,20210119,41802019,41810309,40300009,0,0,42010819,0,31800009,41911019,0,21600219,31201519,0,40310309,-1170011,0,0,40301319,42010519,22010619,41812019,31101909,11211919,0,0
24,219,531.458424229641,0,0,427446.098965312,427447.145992709,9,1,0,29,3,32010409,30900719,10200819,3080110,0,0,0,0,0,0,32010409,0,0,0,0,0,0,30900719,0,0,0,0,0,0,10200819,0,0,0,0,0,0,0,-3080110,0,0,0,0,0,0,0
24,220,452.39676249912,1,0,427448.757719204,427449.804752375,9,1,1,3,31,168635923,237536041,147470002,229950293,20201209,31601409,-3030040,0,30401319,20401109,21900709,30600109,10500019,40200219,21210409,10500719,30810319,10100119,20100419,31810509,31101519,41701809,22011619,21101609,20701609,11710209,10711009,0,30110419,20911709,10211819,31601709,41001719,30911509,40701719,0,0,12010909,31911319,41811409
24,221,486.408194352407,1,0,427451.451776846,427452.498806168,9,1,1,33,19,150755493,94515156,123303865,77203017,30900409,21910109,12010819,12012009,0,11911209,20300919,0,41710019,40400819,11501519,0,11600809,31012009,0,0,0,0,20400409,0,21600519,20200419,21101209,0,40001309,0,0,22000719,0,0,0,32001009,-1200180,22001109,0,0
24,222,357.898876711261,0,0,427454.016432444,427455.063452141,9,0,0,1,31,194747693,195534303,195368921,237058812,-4001200,11500509,11611709,21701819,31210109,0,41600619,31710019,41411709,31000019,0,21100119,40611209,0,41010419,10200609,41400509,10211419,20310909,20112009,20602019,10310809,20400309,21110019,40210019,30301219,12011609,40600019,0,20311809,31110209,31111819,20511519,10101809,41410809,41900819
24,223,467.387585027609,0,0,427456.545770816,427457.592797443,9,1,0,4,31,120017984,231129031,197857093,188037412,10311309,11210719,11900809,-2060091,0,10001309,31910819,21511219,21111709,12001819,31401009,31400319,21300009,10411119,20600019,22011909,41801419,40201409,40411319,0,11311219,31201009,0,10800209,31311609,41910019,30911709,10800109,20800309,40300509,20411819,11301719,0,21701119,31910419,30811409
24,224,415.308325842489,1,0,427459.086890195,427460.133910277,9,1,1,9,19,186086755,144125964,94833166,53003747,0,0,30310919,21010009,40201609,21311909,41110419,31111709,-1030181,20900909,10200519,42010909,30100709,0,0,10211009,30701909,0,10000019,31710509,0,0,11111819,42010819,0,0,0,10200809,0,20801719,0,0,0,0,22001219,0
24,225,520.394603605382,0,0,427461.592703128,427462.639736684,9,0,0,35,19,135523575,114126884,112735066,104255156,0,32000909,0,20001019,0,31910019,40500809,11110819,0,20311119,0,10911909,20500709,30801409,0,21201519,0,10400219,0,0,10301619,0,0,40611419,30611519,31210509,0,0,20110309,30410809,41111909,0,0,0,-2121120,10501009
24,226,381.691095535643,0,0,427464.298516753,427465.345558009,9,0,0,23,0,0,0,0,0,0,0,0,0,0,0,0,0,0,0,0,0,0,0,0,0,0,0,0,0,0,0,-31810401,0,0,0,0,0,0,0,0,0,0,0,0,0
24,227,424.906594445929,1,0,427466.816110692,427467.863136549,9,1,1,36,9,91832637,30211709,113914956,35761210,0,0,40610609,0,0,40410219,10811809,0,0,0,0,0,0,0,0,30211709,0,0,21901209,30701909,0,0,0,0,30011719,0,31300119,0,0,31711019,0,0,0,0,0,-4050191
24,228,421.501601638738,1,0,427469.439583546,427470.486608633,9,0,1,5,19,156824955,123313066,176758113,73034027,30401219,40100009,20310619,21010819,-3101070,0,41901219,0,0,10300219,0,40001019,41810119,31201709,0,0,0,0,11110019,0,20211819,21501419,41911419,20411619,20711709,40900109,0,0,0,21311809,0,11511009,0,0,40211209,0
24,229,390.412034699693,1,0,427472.074808918,427473.12184132,9,1,1,24,3,21201909,20400909,2190010,20001509,0,0,0,0,0,0,0,0,21201909,0,20400909,0,0,0,0,0,0,0,0,0,0,0,0,-2190010,0,0,0,20001509,0,0,0,0,0,0,0,0
24,230,492.062522680499,0,0,427474.662984951,427475.710015043,9,0,0,12,31,258058812,169386113,251568141,249428073,30010209,11810119,40511719,31711909,41401219,31702019,40110309,30801309,0,10910209,31300909,-1141040,41700609,10311109,11210609,21901409,0,40910219,31710719,31800319,20310019,11900009,21411719,31801219,30711209,30511119,41411809,0,41902009,41811509,0,42010919,30100909,11601709,40100309,41900709
24,231,543.875002884306,1,0,427477.251159059,427478.298229186,9,0,1,6,19,118233626,186127064,124526375,114123256,0,40000809,30800219,0,0,-4120170,31311119,0,12001309,41700009,30501719,20800609,31311809,0,30701909,0,31111009,0,31501609,30301019,0,10111619,21511209,0,31100919,0,0,0,0,20810219,0,30401719,0,0,41200509,21710809
24,232,476.01844300516,1,0,427479.909921805,427480.956948817,9,0,1,8,9,44622819,63702018,86143446,11701419,20710809,0,0,0,0,0,20911909,-3000101,0,0,0,0,0,0,41700309,22001709,0,0,11810209,0,0,11310909,21110609,0,41911719,0,0,0,0,0,0,0,0,0,11701419,0
24,233,406.436481396668,0,0,427482.615735815,427483.662762443,9,1,0,19,9,83813557,62321628,13810359,94813637,11600419,0,0,0,0,0,40312019,31901119,0,41011109,0,0,0,0,0,0,0,21310519,-3000050,0,0,0,0,0,0,0,10810309,0,0,21400609,0,31801409,0,0,41611619,0
24,234,361.166052985936,0,0,427485.203910308,427486.250937705,9,1,0,7,3,45740059,0,42000319,11601909,0,0,41710019,0,0,0,-4030040,0,0,0,0,0,0,0,0,0,0,0,0,0,0,0,0,42000319,0,0,0,11601909,0,0,0,0,0,0,0,0
24,235,397.588504594751,1,0,427501.61527617,427502.662305877,10,0,1,5,19,178735174,146432565,101634446,84023566,30000219,10901819,0,41300109,-4010180,21110619,30800609,0,40611619,21810109,31811009,41400319,0,0,0,31410719,20000409,0,20001919,0,0,10310809,0,0,0,41010609,30311109,11401219,0,0,11700309,30110719,0,0,30811319,0
24,236,412.655164720491,1,0,427504.262275619,427505.309305711,10,1,1,3,31,168635923,237536041,147470002,229950293,20201209,31601409,-3030040,0,30401319,20401109,21900709,30600109,10500019,40200219,21210409,10500719,30810319,10100119,20100419,31810509,31101519,41701809,22011619,21101609,20701609,11710209,10711009,0,30110419,20911709,10211819,31601709,41001719,30911509,40701719,0,0,12010909,31911319,41811409
24,237,356.563441979233,0,0,427506.803388068,427507.85041893,10,1,0,9,19,186086755,144125964,94833166,53003747,0,0,30310919,21010009,40201609,21311909,41110419,31111709,-1030181,20900909,10200519,42010909,30100709,0,0,10211009,30701909,0,10000019,31710509,0,0,11111819,42010819,0,0,0,10200809,0,20801719,0,0,0,0,22001219,0
24,238,474.164078885224,1,0,427509.391563716,427510.438589573,10,0,1,25,3,41111019,41411609,1000191,21901009,41111019,0,0,0,0,0,0,0,0,0,0,41411609,0,0,0,0,0,0,0,0,0,0,0,0,-1000191,0,0,0,0,0,0,0,21901009,0,0,0
24,239,478.076067229267,1,0,427512.120905861,427513.167941342,10,0,1,1,9,44783118,82911528,51821128,52213628,-2181171,11100609,10701219,0,0,20800119,0,0,0,41711119,0,0,41200409,0,0,0,0,0,20410419,0,31410709,0,0,0,0,0,0,0,0,0,0,0,40701919,11511709,0,0
24,240,383.366067137104,0,0,427514.791436909,427515.838460841,10,0,0,20,31,228742211,248452621,118474525,188430402,41500609,21700719,10402009,10610109,41111409,20101909,31701819,41501909,10111719,31810009,31611109,31302019,10701019,10712019,40101609,30601009,40101909,21511919,41701809,-1160170,0,11601309,0,11800209,40901009,11310019,0,10311909,11500409,30901219,0,41900819,20800909,20401719,41001509,11611909
24,241,525.885707931593,0,0,427517.414903219,427518.461930616,10,1,0,29,3,32010409,30900719,10200819,3080110,0,0,0,0,0,0,32010409,0,0,0,0,0,0,30900719,0,0,0,0,0,0,10200819,0,0,0,0,0,0,0,-3080110,0,0,0,0,0,0,0
24,242,353.755910880864,1,0,427520.108992043,427521.155992878,10,0,1,22,31,230378231,258730701,116256806,167351222,10500419,30710419,31111509,40310809,21611519,21111409,11310819,21910009,41801319,40700209,20701119,32011109,30100919,31111509,10501509,21301309,31001809,41301209,11710509,10310909,30911309,-2121061,40101309,0,0,0,21101709,20010819,21501809,0,21201309,30311619,31311809,11900119,20701819,10411919
24,243,490.700140653644,1,0,427522.638305779,427523.685334715,10,0,1,34,31,189947882,158539203,288138931,189546773,41402009,0,41010609,41510719,10311309,11701409,11100709,12011009,20900109,11900519,20201709,0,21711419,30901919,20701909,0,41211409,11910319,30001509,40300619,40911109,11101709,41600719,40601119,30111309,11500219,42010619,10100219,31800709,41301419,0,20400109,21411919,-3021070,30100309,31411019
24,244,337.072023598012,0,0,427525.320593195,427526.367616742,10,1,0,19,9,83813557,62321628,13810359,94813637,11600419,0,0,0,0,0,40312019,31901119,0,41011109,0,0,0,0,0,0,0,21310519,-3000050,0,0,0,0,0,0,0,10810309,0,0,21400609,0,31801409,0,0,41611619,0
24,245,543.459243432153,0,0,427527.838178664,427528.885207216,10,1,0,36,9,91832637,30211709,113914956,35761210,0,0,40610609,0,0,40410219,10811809,0,0,0,0,0,0,0,0,30211709,0,0,21901209,30701909,0,0,0,0,30011719,0,31300119,0,0,31711019,0,0,0,0,0,-4050191
24,246,389.75913845934,1,0,427530.449923252,427531.496906378,10,1,1,4,31,120017984,231129031,197857093,188037412,10311309,11210719,11900809,-2060091,0,10001309,31910819,21511219,21111709,12001819,31401009,31400319,21300009,10411119,20600019,22011909,41801419,40201409,40411319,0,11311219,31201009,0,10800209,31311609,41910019,30911709,10800109,20800309,40300509,20411819,11301719,0,21701119,31910419,30811409
24,247,461.050333280582,0,0,427533.002762812,427534.049787514,10,0,0,12,9,20701809,103113828,95024537,72812428,0,0,0,0,0,0,0,0,20701809,0,0,-3000201,40000309,0,40111609,0,0,20001709,41411519,0,11701509,41911509,0,0,0,0,0,30901309,0,0,0,0,0,0,0,41911119
24,248,448.539053846616,0,0,427535.685049073,427536.732080705,10,0,0,8,19,98734346,115224956,188035584,104937485,0,0,30010519,0,21700619,20901519,22010509,-4111180,0,20511309,0,0,31811319,41702019,0,0,0,21200309,0,31811319,40410309,41401819,11110719,0,21900709,0,41400709,40311919,0,0,11501719,0,0,20800619,21212019,11111209
24,249,484.353264793754,0,0,427538.367343804,427539.414368891,10,0,0,30,3,0,0,30100619,65954419,0,0,0,0,0,0,0,0,0,0,0,0,0,0,0,0,0,0,0,0,0,0,0,30100619,0,0,0,0,0,-4151001,31402009,0,0,30401409,0,0
24,250,388.62195936963,1,0,427541.084978471,427542.131978921,10,0,1,28,3,0,30301519,0,72672799,0,0,0,0,0,0,0,0,0,0,30301519,0,0,0,0,0,0,0,0,0,0,0,0,0,0,0,0,-1051161,0,0,30710519,0,40911119,0,0,0
24,251,391.478380712215,0,0,427543.614275268,427544.661300355,10,1,0,24,3,21201909,20400909,2190010,20001509,0,0,0,0,0,0,0,0,21201909,0,20400909,0,0,0,0,0,0,0,0,0,0,0,0,-2190010,0,0,0,20001509,0,0,0,0,0,0,0,0
24,252,616.652537661139,1,0,427546.131859967,427547.178890059,10,0,1,35,9,33312728,73723047,63821818,54551949,21301409,0,0,0,0,0,0,0,12011319,31010519,0,0,0,0,10700719,32011809,0,0,0,0,0,0,31911409,0,0,31910409,0,0,0,0,0,31310219,0,0,-3040111,20201619
24,253,461.726327310316,1,0,427548.87297003,427549.920002431,10,1,1,14,9,52733737,83834907,31111819,42212018,10411709,0,0,0,10610619,0,31711409,0,0,0,21501909,0,0,-1031160,0,0,40300119,21001719,0,0,0,31111819,0,0,0,0,0,0,31602009,0,0,0,0,10610009,0,0
24,254,419.017054024152,0,0,427551.53178821,427552.578789045,10,0,0,6,19,145515745,159047493,31521228,116724355,20211709,31100509,0,31510919,0,-1180080,21511109,0,40001419,20701209,11310809,0,0,21811209,21911519,40111409,11600419,31600919,0,0,0,0,0,0,0,11011019,20510209,0,0,0,21611209,10901109,31800809,0,40610809,11800419
24,255,451.116377429571,0,0,427554.037549173,427555.084579265,10,0,0,25,0,0,0,0,0,0,0,0,0,0,0,0,0,0,0,0,0,0,0,0,0,0,0,0,0,0,0,0,0,-40310101,0,0,0,0,0,0,0,0,0,0,0
24,256,699.62503289571,1,0,427556.661017793,427557.708050194,10,1,1,7,3,45740059,0,42000319,11601909,0,0,41710019,0,0,0,-4030040,0,0,0,0,0,0,0,0,0,0,0,0,0,0,0,0,42000319,0,0,0,11601909,0,0,0,0,0,0,0,0
24,257,457.489430671558,1,0,427559.602122774,427560.64915633,10,1,1,33,19,150755493,94515156,123303865,77203017,30900409,21910109,12010819,12012009,0,11911209,20300919,0,41710019,40400819,11501519,0,11600809,31012009,0,0,0,0,20400409,0,21600519,20200419,21101209,0,40001309,0,0,22000719,0,0,0,32001009,-1200180,22001109,0,0
24,258,343.616000143811,0,0,427562.307937169,427563.354961102,10,1,0,10,0,0,0,0,0,0,0,0,0,0,0,0,0,0,-20811691,0,0,0,0,0,0,0,0,0,0,0,0,0,0,0,0,0,0,0,0,0,0,0,0,0,0
24,259,571.552647626959,0,0,427564.849056163,427565.896083175,10,1,0,26,19,73620528,226844084,167993086,188448304,0,0,0,0,0,0,0,31710219,41910309,40710809,20210119,41802019,41810309,40300009,0,0,42010819,0,31800009,41911019,0,21600219,31201519,0,40310309,-1170011,0,0,40301319,42010519,22010619,41812019,31101909,11211919,0,0
24,260,365.120387170464,1,0,427567.672518546,427568.719544403,10,1,1,11,31,230750221,171700204,205039393,196248412,20701809,20811119,42000419,40602019,11011709,41301009,11311409,11010009,32000719,11212019,-3071001,11601009,40501809,0,10600819,42011519,21601609,31100419,21110809,40101509,0,30411919,20810709,41900409,0,40202019,10502019,40210009,11311909,0,20810409,40412019,11101919,21800119,40301209,10300819
24,261,379.375931399409,1,0,427594.813036767,427595.860069938,11,0,1,22,31,209536193,187547602,227649442,198249522,0,41410119,41700819,12000809,30201109,0,22011209,20400309,41811819,41201309,0,30411309,10900109,32000009,20401619,11611109,20811719,20210419,41911509,40211619,20100309,-2100040,11101809,10001619,30610419,30301409,41310709,0,11010219,21911819,21100309,10102019,40701909,41411219,20511109,31500919
24,262,387.380840431433,0,0,427597.412979946,427598.460009268,11,0,0,8,31,246466762,240443631,105956884,209146402,30811119,21011519,40300419,30911709,21100319,40410219,20600419,-1021020,40300019,30301609,10900919,31211819,42010419,11002019,41411709,21001709,21501419,31102009,40901019,10811719,11311309,0,21811619,11110409,0,0,10010809,0,11710619,21910109,20310209,31001909,41700509,41400709,30910619,10201719
24,263,422.00628737919,0,0,427600.048214173,427601.095233871,11,0,0,5,3,44600749,0,52812338,0,0,0,0,0,-4200030,0,0,0,40400719,0,0,0,0,0,0,0,0,0,0,0,0,11501219,0,0,0,0,41311119,0,0,0,0,0,0,0,0,0
24,264,430.457752896473,1,0,427602.65991911,427603.706944967,11,1,1,19,9,83813557,62321628,13810359,94813637,11600419,0,0,0,0,0,40312019,31901119,0,41011109,0,0,0,0,0,0,0,21310519,-3000050,0,0,0,0,0,0,0,10810309,0,0,21400609,0,31801409,0,0,41611619,0
24,265,469.278520497028,1,0,427605.153961816,427606.200993063,11,0,1,30,19,144104885,94632237,166036904,155995945,0,31600309,0,0,20100619,40101219,31202019,21100719,0,0,21810009,0,41711009,0,0,31111219,0,0,10301519,0,0,0,40710119,21110909,41701319,10701919,41511119,41601319,40301509,-1060080,0,21811909,0,10311119,0,40910009
24,266,481.760157796089,1,0,427607.765675222,427608.812705699,11,1,1,3,31,168635923,237536041,147470002,229950293,20201209,31601409,-3030040,0,30401319,20401109,21900709,30600109,10500019,40200219,21210409,10500719,30810319,10100119,20100419,31810509,31101519,41701809,22011619,21101609,20701609,11710209,10711009,0,30110419,20911709,10211819,31601709,41001719,30911509,40701719,0,0,12010909,31911319,41811409
24,267,477.813522797078,0,0,427610.424441433,427611.47146883,11,1,0,26,19,73620528,226844084,167993086,188448304,0,0,0,0,0,0,0,31710219,41910309,40710809,20210119,41802019,41810309,40300009,0,0,42010819,0,31800009,41911019,0,21600219,31201519,0,40310309,-1170011,0,0,40301319,42010519,22010619,41812019,31101909,11211919,0,0
24,268,314.820424420759,0,0,427612.97730871,427614.024401551,11,1,0,7,3,45740059,0,42000319,11601909,0,0,41710019,0,0,0,-4030040,0,0,0,0,0,0,0,0,0,0,0,0,0,0,0,0,42000319,0,0,0,11601909,0,0,0,0,0,0,0,0
24,269,447.71138462238,0,0,427615.459604288,427616.506633609,11,0,0,28,9,113824956,0,61824557,64352798,0,0,40010809,20600219,32012019,0,0,21201909,0,0,0,0,0,0,0,0,0,0,0,0,10401819,0,0,21011519,0,30411219,0,-3140170,20110919,0,0,0,0,41101709,0,0
24,270,374.829524953384,1,0,427618.01252623,427619.059511281,11,0,1,35,9,41813347,73111647,74811837,3020130,0,10600719,0,0,0,0,20410919,10801709,0,0,0,0,21100319,30810609,21200719,0,0,0,0,0,0,0,42010109,0,11601019,0,21200709,0,0,0,0,0,0,0,-3020130,0
24,271,352.066695690155,0,0,427620.577129857,427621.62415071,11,0,0,34,3,40900319,21900419,20410609,1151181,40900319,0,0,0,0,0,0,0,0,0,0,0,21900419,0,0,0,0,0,0,0,0,0,0,20410609,0,0,0,0,0,0,0,0,0,-1151181,0,0
24,272,309.285819414072,1,0,427623.035895375,427624.082921232,11,0,1,28,0,0,0,0,0,0,0,0,0,0,0,0,0,0,0,0,0,0,0,0,0,0,0,0,0,0,0,0,0,0,0,0,-10611701,0,0,0,0,0,0,0,0
24,273,367.508309194818,1,0,427625.447597309,427626.494635485,11,1,1,29,3,32010409,30900719,10200819,3080110,0,0,0,0,0,0,32010409,0,0,0,0,0,0,30900719,0,0,0,0,0,0,10200819,0,0,0,0,0,0,0,-3080110,0,0,0,0,0,0,0
24,274,353.512614674401,0,0,427628.035777191,427629.082800354,11,1,0,33,19,150755493,94515156,123303865,77203017,30900409,21910109,12010819,12012009,0,11911209,20300919,0,41710019,40400819,11501519,0,11600809,31012009,0,0,0,0,20400409,0,21600519,20200419,21101209,0,40001309,0,0,22000719,0,0,0,32001009,-1200180,22001109,0,0
24,275,404.366538336035,1,0,427630.588659867,427631.635684184,11,0,1,6,31,269249282,155840483,177746403,239548721,40701919,21211319,20400819,41211709,20910319,-2200050,40501719,41311219,40800209,10311609,0,30801719,10401519,12011909,21101109,40900609,0,30312009,11010419,30711919,42010709,0,11200219,10800709,0,30300419,41712009,31101409,40610509,42000209,20310719,21801719,12011319,30611109,20501509,20600219
24,276,410.738436679821,0,0,427633.094476265,427634.141499427,11,1,0,9,19,186086755,144125964,94833166,53003747,0,0,30310919,21010009,40201609,21311909,41110419,31111709,-1030181,20900909,10200519,42010909,30100709,0,0,10211009,30701909,0,10000019,31710509,0,0,11111819,42010819,0,0,0,10200809,0,20801719,0,0,0,0,22001219,0
24,277,444.692509132437,1,0,427635.600296512,427636.647387043,11,0,1,25,3,0,0,53712059,31310619,0,0,0,0,0,0,0,0,0,0,0,0,0,0,0,0,0,0,0,20300519,0,0,0,0,-2111031,0,31300509,0,0,0,0,0,0,0,31310619,0
24,278,406.632042315323,1,0,427638.282597786,427639.329615174,11,0,1,20,19,146329874,136035894,96785378,112825076,0,41211419,20700909,30501909,10311709,0,11701919,0,31902009,10410519,0,0,40911019,0,11411809,21401409,30100219,21800919,0,-3081131,0,0,21701019,41401609,30601619,0,0,11012019,41501219,20211819,0,0,0,0,0,40100019
24,279,613.431171979755,0,0,427640.929577987,427641.976604614,11,1,0,36,9,91832637,30211709,113914956,35761210,0,0,40610609,0,0,40410219,10811809,0,0,0,0,0,0,0,0,30211709,0,0,21901209,30701909,0,0,0,0,30011719,0,31300119,0,0,31711019,0,0,0,0,0,-4050191
24,280,493.654727353714,1,0,427643.682452502,427644.729489138,11,0,1,1,9,82951728,40500819,94423227,93523727,-2151010,40000309,40800409,0,0,0,0,0,0,0,0,40500819,0,0,0,0,0,0,41410409,0,0,31611309,0,0,21401509,0,0,40212009,0,0,41910809,11400909,0,0,0,0
24,281,397.176979749929,0,0,427646.400035199,427647.447061441,11,1,0,10,0,0,0,0,0,0,0,0,0,0,0,0,0,0,-20811691,0,0,0,0,0,0,0,0,0,0,0,0,0,0,0,0,0,0,0,0,0,0,0,0,0,0
24,282,403.816042060498,0,0,427648.941149958,427649.988208537,11,0,0,12,19,95113995,105716397,73147765,122533555,0,41401819,21301019,0,0,0,10810519,10700519,10900119,0,30601619,-4001031,20611709,30000219,20501819,0,0,0,10201309,0,0,0,11112019,11211419,0,10211509,30411509,30100209,10410719,0,0,30710509,20811809,0,0,30500309
24,283,563.972737116273,0,0,427651.541090058,427652.58811938,11,1,0,11,31,230750221,171700204,205039393,196248412,20701809,20811119,42000419,40602019,11011709,41301009,11311409,11010009,32000719,11212019,-3071001,11601009,40501809,0,10600819,42011519,21601609,31100419,21110809,40101509,0,30411919,20810709,41900409,0,40202019,10502019,40210009,11311909,0,20810409,40412019,11101919,21800119,40301209,10300819
24,284,435.548881185241,0,0,427654.364547821,427655.411579068,11,1,0,4,31,120017984,231129031,197857093,188037412,10311309,11210719,11900809,-2060091,0,10001309,31910819,21511219,21111709,12001819,31401009,31400319,21300009,10411119,20600019,22011909,41801419,40201409,40411319,0,11311219,31201009,0,10800209,31311609,41910019,30911709,10800109,20800309,40300509,20411819,11301719,0,21701119,31910419,30811409
24,285,464.255915547255,1,0,427656.90566027,427657.952691517,11,1,1,14,9,52733737,83834907,31111819,42212018,10411709,0,0,0,10610619,0,31711409,0,0,0,21501909,0,0,-1031160,0,0,40300119,21001719,0,0,0,31111819,0,0,0,0,0,0,31602009,0,0,0,0,10610009,0,0
24,286,470.728674030397,1,0,427659.529144288,427660.576163216,11,1,1,24,3,21201909,20400909,2190010,20001509,0,0,0,0,0,0,0,0,21201909,0,20400909,0,0,0,0,0,0,0,0,0,0,0,0,-2190010,0,0,0,20001509,0,0,0,0,0,0,0,0
24,287,578.447325038724,1,0,427678.246317771,427679.293359027,12,0,1,30,31,177423293,241447381,176734703,151959162,0,0,41300519,30700419,10900909,11100409,20710309,31300619,31410109,10710509,31811009,40110209,10300009,21001409,11801209,31800109,41901509,42011409,10910009,21401419,0,40400709,41500309,10500619,0,41810719,10210919,20911309,31700809,-1121060,11100019,21102009,11001919,31510309,12001719,11510009
24,288,440.75049366802,0,0,427681.046266648,427682.093288655,12,0,0,35,9,33510418,123133556,0,45631948,11510409,0,0,0,0,0,22000009,0,0,0,40711109,20910509,0,0,40210119,21301819,0,0,0,0,0,0,0,0,0,0,0,21500619,0,11310919,11710319,0,0,0,-1110091,0
24,289,370.119894389063,1,0,427683.575619264,427684.622642427,12,0,1,22,31,238062041,139557283,139835385,250650711,20200819,40911019,40302019,41111709,20912009,20901819,21910019,21400809,10411819,11900219,31211509,41411619,11401009,20811209,11911009,0,0,10910709,31300309,21510819,31500809,-3200201,30201619,11411009,0,10710619,0,41210419,11000509,11311919,41212009,40100709,11600009,30911309,41602009,21701819
24,290,331.182483176235,0,0,427686.022609166,427687.069641952,12,0,0,7,0,0,0,0,0,0,0,0,0,0,0,-41500691,0,0,0,0,0,0,0,0,0,0,0,0,0,0,0,0,0,0,0,0,0,0,0,0,0,0,0,0,0
24,291,467.284800019115,1,0,427688.422553192,427689.469582514,12,1,1,19,9,83813557,62321628,13810359,94813637,11600419,0,0,0,0,0,40312019,31901119,0,41011109,0,0,0,0,0,0,0,21310519,-3000050,0,0,0,0,0,0,0,10810309,0,0,21400609,0,31801409,0,0,41611619,0
24,292,385.85253956262,0,0,427690.951963168,427691.998947064,12,1,0,4,31,120017984,231129031,197857093,188037412,10311309,11210719,11900809,-2060091,0,10001309,31910819,21511219,21111709,12001819,31401009,31400319,21300009,10411119,20600019,22011909,41801419,40201409,40411319,0,11311219,31201009,0,10800209,31311609,41910019,30911709,10800109,20800309,40300509,20411819,11301719,0,21701119,31910419,30811409
24,293,360.327604750637,0,0,427693.469491663,427694.516520985,12,1,0,29,3,32010409,30900719,10200819,3080110,0,0,0,0,0,0,32010409,0,0,0,0,0,0,30900719,0,0,0,0,0,0,10200819,0,0,0,0,0,0,0,-3080110,0,0,0,0,0,0,0
24,294,419.949818053283,1,0,427696.057668466,427697.104685469,12,0,1,6,9,32232040,30812028,31203118,94645056,0,31212019,0,0,0,-1020021,0,0,0,0,0,10510319,0,0,0,0,20301709,0,20701109,0,0,0,10502009,0,0,0,0,0,0,21811119,0,40811309,0,20911309,0,11111319
24,295,334.093954123091,0,0,427698.598783224,427699.645801767,12,1,0,9,19,186086755,144125964,94833166,53003747,0,0,30310919,21010009,40201609,21311909,41110419,31111709,-1030181,20900909,10200519,42010909,30100709,0,0,10211009,30701909,0,10000019,31710509,0,0,11111819,42010819,0,0,0,10200809,0,20801719,0,0,0,0,22001219,0
24,296,320.150229439605,1,0,427701.104603087,427702.151631254,12,0,1,5,3,33063180,0,41511238,0,0,0,0,0,-2061161,0,31002019,0,0,0,0,0,0,0,0,0,0,0,20000919,0,0,0,0,21510319,0,0,0,0,0,0,0,0,0,0,0,0
24,297,481.03835323127,1,0,427703.492782276,427704.539809673,12,1,1,26,19,73620528,226844084,167993086,188448304,0,0,0,0,0,0,0,31710219,41910309,40710809,20210119,41802019,41810309,40300009,0,0,42010819,0,31800009,41911019,0,21600219,31201519,0,40310309,-1170011,0,0,40301319,42010519,22010619,41812019,31101909,11211919,0,0
24,298,458.847963134758,1,0,427706.186864171,427707.23387001,12,0,1,25,19,73425337,176745184,58014207,187034274,21201919,0,0,0,0,31311909,0,20911509,0,41411309,41311309,10200119,31010019,42012019,0,0,0,10800409,20400209,0,0,0,11210919,11810819,-3091151,0,11501109,41310219,0,11010819,41200509,41201409,0,10810109,0,41501209
24,299,459.060847351793,1,0,427708.751473573,427709.79850328,12,1,1,7,3,45740059,0,42000319,11601909,0,0,41710019,0,0,0,-4030040,0,0,0,0,0,0,0,0,0,0,0,0,0,0,0,0,42000319,0,0,0,11601909,0,0,0,0,0,0,0,0
24,300,458.470314973965,0,0,427711.469052806,427712.516088287,12,1,0,11,31,230750221,171700204,205039393,196248412,20701809,20811119,42000419,40602019,11011709,41301009,11311409,11010009,32000719,11212019,-3071001,11601009,40501809,0,10600819,42011519,21601609,31100419,21110809,40101509,0,30411919,20810709,41900409,0,40202019,10502019,40210009,11311909,0,20810409,40412019,11101919,21800119,40301209,10300819
24,301,440.471010981128,1,0,427714.104290112,427715.151314814,12,1,1,36,9,91832637,30211709,113914956,35761210,0,0,40610609,0,0,40410219,10811809,0,0,0,0,0,0,0,0,30211709,0,0,21901209,30701909,0,0,0,0,30011719,0,31300119,0,0,31711019,0,0,0,0,0,-4050191
24,302,369.137470261194,0,0,427716.798339671,427717.845369762,12,1,0,10,0,0,0,0,0,0,0,0,0,0,0,0,0,0,-20811691,0,0,0,0,0,0,0,0,0,0,0,0,0,0,0,0,0,0,0,0,0,0,0,0,0,0
24,303,661.937979632057,1,0,427719.233648272,427720.280601756,12,0,1,1,31,242136473,234977722,175940103,208446641,-4190180,41401109,40702019,31010109,41200919,0,41711319,21410009,20510809,11310709,30011019,30511609,0,30610309,40810119,40101519,31610619,20011819,41801519,11011909,0,30001619,0,31711309,20901719,30310409,10201619,21300309,21000319,11010419,21210319,40500719,20910109,31001419,10601009,30912019
24,304,383.621297194622,0,0,427721.962914965,427723.009952756,12,1,0,33,19,150755493,94515156,123303865,77203017,30900409,21910109,12010819,12012009,0,11911209,20300919,0,41710019,40400819,11501519,0,11600809,31012009,0,0,0,0,20400409,0,21600519,20200419,21101209,0,40001309,0,0,22000719,0,0,0,32001009,-1200180,22001109,0,0
24,305,534.700962889474,0,0,427724.46875369,427725.515783782,12,1,0,24,3,21201909,20400909,2190010,20001509,0,0,0,0,0,0,0,0,21201909,0,20400909,0,0,0,0,0,0,0,0,0,0,0,0,-2190010,0,0,0,20001509,0,0,0,0,0,0,0,0
24,306,445.541351335123,0,0,427727.198088906,427728.245139786,12,0,0,34,19,114224965,51222236,73916655,166035105,0,10010509,0,20501119,0,41111119,0,11300209,31302009,0,20011109,0,10000809,0,0,10510109,10700209,0,0,0,0,11801809,20210709,10101109,20301809,0,11501219,0,40000619,41411009,31901609,41301519,10400209,-1020140,0,0
24,307,416.155628161505,1,0,427729.880378632,427730.927407954,12,0,1,28,9,40011919,92527775,72211638,12200160,0,0,0,0,0,40011919,0,0,0,40111909,10902009,0,0,0,11001719,0,10311019,20201119,0,0,0,0,31510119,0,40701519,0,0,-2090041,0,0,0,0,10110119,0,0,0
24,308,351.380307693034,0,0,427732.445026145,427733.492052387,12,0,0,8,19,125017746,114726375,174615394,84223647,0,31601609,10812009,40301309,0,0,20601509,-1191101,20510209,11901919,0,0,0,30101809,20811319,41801009,10110319,0,0,41501109,0,40700019,20500319,20101119,20800909,0,31011919,0,0,41301119,0,0,21311419,0,0,21611109
24,309,342.656288819853,0,0,427734.892025286,427735.939051913,12,1,0,14,9,52733737,83834907,31111819,42212018,10411709,0,0,0,10610619,0,31711409,0,0,0,21501909,0,0,-1031160,0,0,40300119,21001719,0,0,0,31111819,0,0,0,0,0,0,31602009,0,0,0,0,10610009,0,0
24,310,411.829035321716,1,0,427737.350781179,427738.397815891,12,1,1,3,31,168635923,237536041,147470002,229950293,20201209,31601409,-3030040,0,30401319,20401109,21900709,30600109,10500019,40200219,21210409,10500719,30810319,10100119,20100419,31810509,31101519,41701809,22011619,21101609,20701609,11710209,10711009,0,30110419,20911709,10211819,31601709,41001719,30911509,40701719,0,0,12010909,31911319,41811409
24,311,455.343265028205,1,0,427739.98602272,427741.033046268,12,0,1,12,3,40201009,72582119,0,0,0,0,0,0,0,0,40201009,0,0,0,0,-1080091,31102009,0,0,0,0,40400019,0,0,0,0,0,0,0,0,0,0,0,0,0,0,0,0,0,0
24,312,397.568486514501,0,0,427742.644779692,427743.691805549,12,0,0,20,3,0,41501119,44201079,41001009,0,0,0,0,0,0,0,0,0,0,0,0,0,0,0,0,41501119,0,0,-2190070,0,0,0,0,0,42011009,0,0,0,0,0,0,0,41001009,0,0
24,313,361.315033456776,0,0,427766.408904734,427767.455937905,13,1,0,4,31,120017984,231129031,197857093,188037412,10311309,11210719,11900809,-2060091,0,10001309,31910819,21511219,21111709,12001819,31401009,31400319,21300009,10411119,20600019,22011909,41801419,40201409,40411319,0,11311219,31201009,0,10800209,31311609,41910019,30911709,10800109,20800309,40300509,20411819,11301719,0,21701119,31910419,30811409
24,314,510.140358994249,1,0,427768.844147507,427769.891174134,13,1,1,26,19,73620528,226844084,167993086,188448304,0,0,0,0,0,0,0,31710219,41910309,40710809,20210119,41802019,41810309,40300009,0,0,42010819,0,31800009,41911019,0,21600219,31201519,0,40310309,-1170011,0,0,40301319,42010519,22010619,41812019,31101909,11211919,0,0
24,315,472.027152369265,1,0,427771.526473419,427772.573457315,13,1,1,7,3,45740059,0,42000319,11601909,0,0,41710019,0,0,0,-4030040,0,0,0,0,0,0,0,0,0,0,0,0,0,0,0,0,42000319,0,0,0,11601909,0,0,0,0,0,0,0,0
24,316,323.468605754897,0,0,427774.208722339,427775.255748966,13,1,0,14,9,52733737,83834907,31111819,42212018,10411709,0,0,0,10610619,0,31711409,0,0,0,21501909,0,0,-1031160,0,0,40300119,21001719,0,0,0,31111819,0,0,0,0,0,0,31602009,0,0,0,0,10610009,0,0
24,317,428.220736095682,1,0,427776.643956257,427777.690987119,13,1,1,10,0,0,0,0,0,0,0,0,0,0,0,0,0,0,-20811691,0,0,0,0,0,0,0,0,0,0,0,0,0,0,0,0,0,0,0,0,0,0,0,0,0,0
24,318,440.405182424001,1,0,427779.290981114,427780.337978483,13,0,1,35,3,0,21711619,20701719,12332669,0,0,0,0,0,0,0,0,0,0,0,0,0,0,21711619,0,0,0,0,0,0,0,20701719,0,0,0,0,0,0,0,0,10201619,0,0,-2131050,0
24,319,413.418545213062,1,0,427781.796777878,427782.84380643,13,1,1,3,31,168635923,237536041,147470002,229950293,20201209,31601409,-3030040,0,30401319,20401109,21900709,30600109,10500019,40200219,21210409,10500719,30810319,10100119,20100419,31810509,31101519,41701809,22011619,21101609,20701609,11710209,10711009,0,30110419,20911709,10211819,31601709,41001719,30911509,40701719,0,0,12010909,31911319,41811409
24,320,455.025286064483,1,0,427784.267299764,427785.314322926,13,1,1,24,3,21201909,20400909,2190010,20001509,0,0,0,0,0,0,0,0,21201909,0,20400909,0,0,0,0,0,0,0,0,0,0,0,0,-2190010,0,0,0,20001509,0,0,0,0,0,0,0,0
24,321,450.848828535527,1,0,427786.808420682,427787.855514678,13,1,1,33,19,150755493,94515156,123303865,77203017,30900409,21910109,12010819,12012009,0,11911209,20300919,0,41710019,40400819,11501519,0,11600809,31012009,0,0,0,0,20400409,0,21600519,20200419,21101209,0,40001309,0,0,22000719,0,0,0,32001009,-1200180,22001109,0,0
24,322,482.031171384733,0,0,427789.373060881,427790.420084428,13,0,0,22,3,0,21601919,31991389,20200109,0,0,0,0,0,0,0,0,0,0,0,0,0,0,0,0,0,21601919,0,0,0,-1180170,30811219,0,0,0,0,0,0,0,20200109,0,0,0,0,0
24,323,466.440962336492,0,0,427792.090647813,427793.137667511,13,0,0,6,9,34742080,31521338,93112747,53333637,0,0,0,0,0,-4041171,30700909,0,0,0,0,0,0,20410619,0,11110719,0,0,41600519,0,0,0,0,0,0,10610619,40901609,0,31310809,10411609,0,0,0,0,0,11611219
24,324,530.823236156721,1,0,427794.749412869,427795.796429102,13,0,1,25,3,0,60421518,31381900,0,0,0,0,0,0,0,0,0,0,20111509,0,40310009,0,0,0,0,0,0,0,30210819,0,0,0,0,-1171081,0,0,0,0,0,0,0,0,0,0,0
24,325,484.837162657641,0,0,427797.396402309,427798.443432015,13,0,0,30,31,200866692,170648122,166869112,170527623,41810509,21610809,21910619,11410609,41411019,0,11701609,30101209,20910309,22010919,21111319,21001919,21701309,11710109,0,31301119,21311009,20500419,21210909,11802009,10610419,0,21712009,40311619,10511619,40310519,10400009,31200909,0,-2070140,20210009,11510509,21911619,41710919,20211909,21701609
24,326,575.210560811684,0,0,427800.113981542,427801.161003934,13,1,0,9,19,186086755,144125964,94833166,53003747,0,0,30310919,21010009,40201609,21311909,41110419,31111709,-1030181,20900909,10200519,42010909,30100709,0,0,10211009,30701909,0,10000019,31710509,0,0,11111819,42010819,0,0,0,10200809,0,20801719,0,0,0,0,22001219,0
24,327,437.123762501869,0,0,427802.866857596,427803.913884223,13,0,0,8,9,32641929,83803627,42212338,74002347,0,0,0,0,31500819,0,0,-1141110,0,21600209,0,0,0,0,31602009,0,0,30601409,0,0,0,0,0,0,0,21101019,21111319,0,40400019,0,21801109,0,0,0,0,11801219
24,328,453.764534031507,0,0,427805.443260322,427806.490301193,13,0,0,28,19,155823965,91123637,149657283,136622276,41111409,10210509,0,40801119,0,0,21900109,0,41800819,0,0,30410319,0,0,20211309,0,0,40502009,30110809,0,32011509,21511809,12001109,11010319,21311609,0,21700119,-3110130,0,41310219,40100209,0,21301309,0,0,30800409
24,329,433.961681032088,1,0,427808.043202347,427809.090238598,13,0,1,34,31,296571341,184847112,151270902,97594155,40001409,40410619,40611419,21311419,20911119,30611609,40610919,20301119,41801709,20011219,20010619,21401409,21301409,20010419,0,40601209,11210009,30300819,21111919,0,11600219,21711609,41802009,11311809,11311619,11211709,21210009,10101519,11600409,21810809,10910209,0,20410219,-2160071,0,20600919
24,330,583.101135969628,1,0,427810.701958934,427811.748982096,13,1,1,36,9,91832637,30211709,113914956,35761210,0,0,40610609,0,0,40410219,10811809,0,0,0,0,0,0,0,0,30211709,0,0,21901209,30701909,0,0,0,0,30011719,0,31300119,0,0,31711019,0,0,0,0,0,-4050191
24,331,405.337413598318,0,0,427813.454834218,427814.50186277,13,0,0,5,9,75344797,104922747,32710428,21210819,0,0,0,30701209,-3031160,0,21110909,0,20501519,0,32010319,42001709,0,0,0,0,0,30910719,20700219,0,12010209,0,0,0,0,0,0,0,0,0,0,0,0,0,21210819,0
24,332,357.021547330078,0,0,427815.948892323,427816.995919335,13,0,0,1,31,202948733,190740592,196425083,164850612,-4100041,20100009,41101909,11111009,30811709,31211209,21110809,31800819,11601219,30610909,30701609,11711509,0,12001709,31901909,30301009,11710219,31801719,40900019,41300909,10200909,0,0,40300209,11200219,40711209,11811609,30910519,0,20301409,21111509,11511519,30001209,10701109,20101519,20211819
24,333,449.041044921614,1,0,427818.53706643,427819.584088823,13,1,1,19,9,83813557,62321628,13810359,94813637,11600419,0,0,0,0,0,40312019,31901119,0,41011109,0,0,0,0,0,0,0,21310519,-3000050,0,0,0,0,0,0,0,10810309,0,0,21400609,0,31801409,0,0,41611619,0
24,334,425.117938837502,0,0,427821.089936018,427822.136970729,13,0,0,20,19,164513955,147135574,97654247,176134175,40000209,0,40400909,11900109,31411409,0,0,40801319,0,0,0,10311119,32000709,20210609,21410709,0,21401519,41800909,0,-3040110,41411309,22001809,0,31201019,0,0,0,41311119,0,41000119,31211909,0,0,0,31500019,31111009
24,335,439.526313159149,0,0,427823.607530341,427824.654562743,13,0,0,12,19,116123495,155956466,44323337,184636394,31211319,32000219,0,0,10600019,10301119,32010819,0,0,41401309,0,-2121091,30200109,20211819,40911919,21110219,0,0,11411019,22001009,0,0,10911309,0,0,0,0,31310919,40511709,20710719,0,0,0,30001609,21701219,40400219
24,336,353.34438609425,1,0,427826.195701754,427827.242718757,13,0,1,35,0,0,0,0,0,0,0,0,0,0,0,0,0,0,0,0,0,0,0,0,0,0,0,0,0,0,0,0,0,0,0,0,0,0,0,0,0,0,0,-10311601,0
24,337,363.590546417981,0,0,427828.701522001,427829.748549013,13,1,0,11,31,230750221,171700204,205039393,196248412,20701809,20811119,42000419,40602019,11011709,41301009,11311409,11010009,32000719,11212019,-3071001,11601009,40501809,0,10600819,42011519,21601609,31100419,21110809,40101509,0,30411919,20810709,41900409,0,40202019,10502019,40210009,11311909,0,20810409,40412019,11101919,21800119,40301209,10300819
24,338,374.615485838149,1,0,427831.254403137,427832.301429764,13,1,1,29,3,32010409,30900719,10200819,3080110,0,0,0,0,0,0,32010409,0,0,0,0,0,0,30900719,0,0,0,0,0,0,10200819,0,0,0,0,0,0,0,-3080110,0,0,0,0,0,0,0
24,339,389.300263195764,1,0,427854.47736453,427855.524397701,14,0,1,30,0,0,0,0,0,0,0,0,0,0,0,0,0,0,0,0,0,0,0,0,0,0,0,0,0,0,0,0,0,0,0,0,0,0,-41900701,0,0,0,0,0,0
24,340,465.314177272376,1,0,427857.065544027,427858.112574119,14,1,1,26,19,73620528,226844084,167993086,188448304,0,0,0,0,0,0,0,31710219,41910309,40710809,20210119,41802019,41810309,40300009,0,0,42010819,0,31800009,41911019,0,21600219,31201519,0,40310309,-1170011,0,0,40301319,42010519,22010619,41812019,31101909,11211919,0,0
24,341,458.294002164621,0,0,427859.771363042,427860.81839044,14,0,0,6,31,240090302,273646722,198038522,156466913,40310809,10400219,31912009,21211619,30100519,-2150170,41902019,40401319,21701619,30300619,40511109,0,20511319,40100209,40500519,30411219,40610009,30701719,0,10100519,30410209,40901309,41311019,11811319,11901819,20201309,31401019,40810909,10911619,21111419,0,40710519,10710609,21610519,0,10601319
24,342,401.299927500077,0,0,427862.465415681,427863.512441153,14,0,0,20,3,41412009,0,52130698,0,0,0,0,0,0,0,41412009,0,0,0,0,0,0,0,0,0,0,0,0,-2020080,0,0,0,0,0,30110609,20000009,0,0,0,0,0,0,0,0,0
24,343,360.102401755285,1,0,427865.053585554,427866.100611796,14,0,1,30,19,154848184,103047366,144925955,104304507,31200919,10201919,20111809,0,0,30511819,41510809,21310909,0,0,0,20011719,21011819,30111919,0,0,0,31911909,21100809,0,20801619,41910809,0,0,0,31010809,30101909,40110619,30311619,-2070131,21510719,0,0,0,10301419,0
24,344,388.436792418361,1,0,427867.665291261,427868.712310189,14,1,1,24,3,21201909,20400909,2190010,20001509,0,0,0,0,0,0,0,0,21201909,0,20400909,0,0,0,0,0,0,0,0,0,0,0,0,-2190010,0,0,0,20001509,0,0,0,0,0,0,0,0
24,345,588.70349440258,1,0,427870.171113818,427871.218140445,14,0,1,5,31,172499142,216618303,207968623,275146651,10500609,21602009,21900219,11201419,-3171030,30511209,41400109,21011519,11201019,40901209,40000919,21401609,31302019,30201319,0,10800809,42010419,0,20311919,31311319,31411419,0,30210919,21210419,41901119,31611509,0,21701219,40301219,20510809,40000919,30210509,30800119,20311319,30700319,40610219
24,346,340.997485618573,0,0,427872.888693436,427873.935715828,14,1,0,14,9,52733737,83834907,31111819,42212018,10411709,0,0,0,10610619,0,31711409,0,0,0,21501909,0,0,-1031160,0,0,40300119,21001719,0,0,0,31111819,0,0,0,0,0,0,31602009,0,0,0,0,10610009,0,0
24,347,503.305350837763,0,0,427875.347447405,427876.394484426,14,1,0,29,3,32010409,30900719,10200819,3080110,0,0,0,0,0,0,32010409,0,0,0,0,0,0,30900719,0,0,0,0,0,0,10200819,0,0,0,0,0,0,0,-3080110,0,0,0,0,0,0,0
24,348,906.168547517154,1,0,427878.088562856,427879.135592948,14,0,1,1,19,169426893,82013147,196756013,52812018,-1110180,22000309,10400119,40901519,41800519,21710509,21202019,10301719,0,21310909,0,0,0,40400719,0,0,0,20301519,31000709,31500019,10210219,30911019,0,31611719,20010609,0,41511719,41801509,11010509,0,0,0,0,0,0,0
24,349,532.18369348906,1,0,427881.241435677,427882.28845961,14,0,1,12,19,124032376,124814986,126034875,165336094,31610519,0,40100719,40910719,0,0,0,11410419,0,21310009,0,-1181130,0,20611819,40911709,40800319,0,0,30411019,20801619,11901109,0,0,0,22010419,0,40910709,0,0,30011219,41801609,30610709,11801319,41010119,0,10101119
24,350,360.503917559981,0,0,427884.006070024,427885.053096652,14,1,0,7,3,45740059,0,42000319,11601909,0,0,41710019,0,0,0,-4030040,0,0,0,0,0,0,0,0,0,0,0,0,0,0,0,0,42000319,0,0,0,11601909,0,0,0,0,0,0,0,0
24,351,409.720596042462,1,0,427886.511900281,427887.558918439,14,1,1,4,31,120017984,231129031,197857093,188037412,10311309,11210719,11900809,-2060091,0,10001309,31910819,21511219,21111709,12001819,31401009,31400319,21300009,10411119,20600019,22011909,41801419,40201409,40411319,0,11311219,31201009,0,10800209,31311609,41910019,30911709,10800109,20800309,40300509,20411819,11301719,0,21701119,31910419,30811409
24,352,456.742988491897,0,0,427889.053006955,427890.100030503,14,1,0,36,9,91832637,30211709,113914956,35761210,0,0,40610609,0,0,40410219,10811809,0,0,0,0,0,0,0,0,30211709,0,0,21901209,30701909,0,0,0,0,30011719,0,31300119,0,0,31711019,0,0,0,0,0,-4050191
24,353,408.791681576986,1,0,427891.664751543,427892.71173159,14,1,1,19,9,83813557,62321628,13810359,94813637,11600419,0,0,0,0,0,40312019,31901119,0,41011109,0,0,0,0,0,0,0,21310519,-3000050,0,0,0,0,0,0,0,10810309,0,0,21400609,0,31801409,0,0,41611619,0
24,354,330.105743196327,1,0,427894.217585329,427895.264612726,14,1,1,9,19,186086755,144125964,94833166,53003747,0,0,30310919,21010009,40201609,21311909,41110419,31111709,-1030181,20900909,10200519,42010909,30100709,0,0,10211009,30701909,0,10000019,31710509,0,0,11111819,42010819,0,0,0,10200809,0,20801719,0,0,0,0,22001219,0
24,355,829.256131080911,0,0,427896.735176573,427897.78219935,14,1,0,33,19,150755493,94515156,123303865,77203017,30900409,21910109,12010819,12012009,0,11911209,20300919,0,41710019,40400819,11501519,0,11600809,31012009,0,0,0,0,20400409,0,21600519,20200419,21101209,0,40001309,0,0,22000719,0,0,0,32001009,-1200180,22001109,0,0
24,356,505.144316412043,0,0,427899.676276549,427900.723303176,14,1,0,11,31,230750221,171700204,205039393,196248412,20701809,20811119,42000419,40602019,11011709,41301009,11311409,11010009,32000719,11212019,-3071001,11601009,40501809,0,10600819,42011519,21601609,31100419,21110809,40101509,0,30411919,20810709,41900409,0,40202019,10502019,40210009,11311909,0,20810409,40412019,11101919,21800119,40301209,10300819
24,357,375.487040844746,0,0,427902.440917441,427903.487943683,14,0,0,35,3,20611409,20102009,11711709,4040131,0,0,0,0,0,0,0,0,20611409,0,20102009,0,0,0,0,0,0,0,0,0,0,0,0,11711709,0,0,0,0,0,0,0,0,0,0,-4040131,0
24,358,396.661899983883,0,0,427904.934980165,427905.981998708,14,1,0,10,0,0,0,0,0,0,0,0,0,0,0,0,0,0,-20811691,0,0,0,0,0,0,0,0,0,0,0,0,0,0,0,0,0,0,0,0,0,0,0,0,0,0
24,359,498.85556998197,0,0,427907.393773785,427908.440769615,14,0,0,22,9,20900309,42301938,117791677,55013437,0,20900309,0,0,0,0,0,0,0,0,11200419,0,0,0,0,31101519,0,0,0,30610609,41710909,-4070150,0,0,41400009,0,0,21610519,0,0,0,21401609,0,12001309,0,0
24,360,419.910551863723,0,0,427910.099556999,427911.146635981,14,0,0,8,31,198779823,145646403,221160521,196055003,30111619,21110809,10400419,21100209,21700919,20112019,41501009,-2041111,30701709,40001619,10200919,41101209,20210309,10911519,0,11610019,0,11610809,11911219,10511709,11000619,11410909,21510309,41200209,41202019,31911809,40501719,21701519,40011909,40810519,11710609,0,30510009,20410219,30900219,0
24,361,542.690088506788,1,0,427912.581844492,427913.628876893,14,0,1,28,9,42402428,74231937,94113647,23631239,0,20801719,0,0,0,0,21600709,0,0,0,0,0,11210119,31810709,0,0,31211109,0,30900519,0,0,41201419,22011709,0,0,0,0,-2031020,0,0,0,0,0,0,21600219,0
24,362,782.986725156661,1,0,427915.252367071,427916.299391003,14,0,1,34,9,42221528,70223628,32112328,47903437,0,10910619,0,0,0,0,31310909,0,0,0,30011709,0,0,40211919,0,0,0,0,0,0,0,0,0,0,0,10500609,21611719,21900509,11201109,11601709,0,0,0,-3200110,0,0
24,363,510.791715467349,1,0,427918.240574516,427919.287567652,14,1,1,3,31,168635923,237536041,147470002,229950293,20201209,31601409,-3030040,0,30401319,20401109,21900709,30600109,10500019,40200219,21210409,10500719,30810319,10100119,20100419,31810509,31101519,41701809,22011619,21101609,20701609,11710209,10711009,0,30110419,20911709,10211819,31601709,41001719,30911509,40701719,0,0,12010909,31911319,41811409
24,364,489.467105886433,0,0,427920.911060524,427921.958085996,14,0,0,25,3,20510809,0,42892240,11612009,0,0,0,0,20510809,0,0,0,0,0,0,0,0,0,0,0,0,0,0,0,0,0,0,41811119,-1081121,0,0,0,0,0,0,0,0,11612009,0,0
24,365,428.907894063741,1,0,427951.110323628,427952.157376818,15,0,1,35,3,0,63223247,0,3091081,0,0,0,0,0,0,0,0,0,10710719,0,0,0,0,11411919,41100609,0,0,0,0,0,0,0,0,0,0,0,0,0,0,0,0,0,0,-3091081,0
24,366,448.090572608635,0,0,427953.674973451,427954.721998923,15,0,0,28,3,0,0,0,68003068,0,0,0,0,0,0,0,0,0,0,0,0,0,0,0,0,0,0,0,0,0,0,0,0,0,0,0,-3090021,11410219,0,31801809,0,21701019,0,0,0
24,367,537.480006809346,1,0,427956.227862671,427957.274878904,15,1,1,19,9,83813557,62321628,13810359,94813637,11600419,0,0,0,0,0,40312019,31901119,0,41011109,0,0,0,0,0,0,0,21310519,-3000050,0,0,0,0,0,0,0,10810309,0,0,21400609,0,31801409,0,0,41611619,0
24,368,482.486581953708,1,0,427958.839557984,427959.886581532,15,1,1,3,31,168635923,237536041,147470002,229950293,20201209,31601409,-3030040,0,30401319,20401109,21900709,30600109,10500019,40200219,21210409,10500719,30810319,10100119,20100419,31810509,31101519,41701809,22011619,21101609,20701609,11710209,10711009,0,30110419,20911709,10211819,31601709,41001719,30911509,40701719,0,0,12010909,31911319,41811409
24,369,355.480927566532,1,0,427961.486543574,427962.533573666,15,1,1,10,0,0,0,0,0,0,0,0,0,0,0,0,0,0,-20811691,0,0,0,0,0,0,0,0,0,0,0,0,0,0,0,0,0,0,0,0,0,0,0,0,0,0
24,370,647.351367748342,1,0,427964.027664493,427965.074688425,15,0,1,22,9,53714166,52103238,84205308,0,0,0,11501819,0,0,10210219,0,11601609,20400519,0,0,0,0,40801419,0,11301819,0,0,0,20410419,0,-3191151,0,30101719,0,30502019,0,0,0,0,0,0,0,0,0,0
24,371,429.744417429902,1,0,427966.933474192,427967.980503514,15,0,1,6,3,33892678,0,0,20400609,0,0,0,0,0,-1081150,0,21300219,11511309,0,0,0,0,0,0,0,0,0,0,0,0,0,0,0,0,0,0,0,0,0,0,0,0,20400609,0,0
24,372,412.503104540519,0,0,427969.474585101,427970.521617503,15,0,0,12,19,53412728,127062627,156639312,125337075,31611019,0,0,21801709,0,0,0,0,0,0,0,-3130081,30310419,0,40910509,0,40810109,11901509,11401709,20311209,30200809,10111319,21201909,40700619,11411319,11300419,0,10301609,41011719,0,0,0,41201919,11110219,0,21711609
24,373,561.133254144806,1,0,427972.145114994,427973.192135462,15,0,1,34,31,209386931,216867403,228850532,200785434,21211109,11511119,31511219,10310319,31210609,31210819,21710009,20711019,30000709,40111709,21110719,0,10900519,40210819,31510909,41411509,0,31611219,0,41310109,31601819,21001809,30911019,40801419,10811519,30901619,21511219,31801519,40811519,30010319,11410009,41700219,0,-3041011,30100119,11910719
24,374,517.152834916487,0,0,427974.945046163,427975.992070865,15,1,0,29,3,32010409,30900719,10200819,3080110,0,0,0,0,0,0,32010409,0,0,0,0,0,0,30900719,0,0,0,0,0,0,10200819,0,0,0,0,0,0,0,-3080110,0,0,0,0,0,0,0
24,375,431.64074246306,1,0,427977.568507083,427978.615533325,15,0,1,1,9,97013308,10301719,31310709,103525056,-2090071,0,0,0,22010919,0,0,31310709,41601609,0,0,0,0,0,0,0,0,10301719,0,0,31310709,0,0,0,0,0,0,20911209,11900019,0,0,30311819,0,0,40402009,0
24,376,557.396808697376,0,0,427980.215502297,427981.262534699,15,0,0,8,31,170075464,176728703,209737201,197842142,0,30511709,11700419,10500919,32010119,32010419,30810709,-2020051,20511119,41910309,10112019,40200719,11401109,0,21601419,30001709,21501419,0,12001419,21201409,11310309,10110809,31312009,31500209,40500209,10800009,41000819,0,31702019,10001509,10801819,41611619,31600319,11302019,40012019,20810819
24,377,477.865492750425,0,0,427982.886025646,427983.933053043,15,1,0,33,19,150755493,94515156,123303865,77203017,30900409,21910109,12010819,12012009,0,11911209,20300919,0,41710019,40400819,11501519,0,11600809,31012009,0,0,0,0,20400409,0,21600519,20200419,21101209,0,40001309,0,0,22000719,0,0,0,32001009,-1200180,22001109,0,0
24,378,388.089556305204,0,0,427985.544779538,427986.591818099,15,0,0,20,19,135713056,82922437,138177775,106225364,0,0,31210909,31500709,0,41600619,0,0,31400819,0,0,0,30210909,0,0,41000019,11711509,0,0,-2130191,11610719,40001119,11212009,10311709,0,41611719,21300309,22001309,0,0,10300719,21301009,10200309,21811709,0,20610309
24,379,453.750290500466,0,0,427988.015310278,427989.062339985,15,1,0,26,19,73620528,226844084,167993086,188448304,0,0,0,0,0,0,0,31710219,41910309,40710809,20210119,41802019,41810309,40300009,0,0,42010819,0,31800009,41911019,0,21600219,31201519,0,40310309,-1170011,0,0,40301319,42010519,22010619,41812019,31101909,11211919,0,0
24,380,426.318251702469,0,0,427990.591777293,427991.638752335,15,0,0,5,31,161615063,115565493,228448122,200459931,31601419,21810519,0,30710609,-2160150,20710009,11410519,31601719,11610119,10110919,21110219,11000919,30511909,10410009,0,11310409,21111109,0,0,41500519,31900719,41610609,20511719,10910619,30301609,21401409,30310919,20101619,21711609,11711319,10811809,31101919,41910319,11200209,31300609,20610519
24,381,506.777327100281,0,0,427993.12112375,427994.168124969,15,0,0,19,0,0,0,0,0,0,0,0,0,0,0,0,0,0,0,0,0,0,0,0,0,0,0,-10600001,0,0,0,0,0,0,0,0,0,0,0,0,0,0,0,0,0
24,382,379.45292389486,0,0,427995.85041816,427996.897454026,15,1,0,4,31,120017984,231129031,197857093,188037412,10311309,11210719,11900809,-2060091,0,10001309,31910819,21511219,21111709,12001819,31401009,31400319,21300009,10411119,20600019,22011909,41801419,40201409,40411319,0,11311219,31201009,0,10800209,31311609,41910019,30911709,10800109,20800309,40300509,20411819,11301719,0,21701119,31910419,30811409
24,383,345.914225967135,1,0,427998.473884854,427999.520908787,15,1,1,11,31,230750221,171700204,205039393,196248412,20701809,20811119,42000419,40602019,11011709,41301009,11311409,11010009,32000719,11212019,-3071001,11601009,40501809,0,10600819,42011519,21601609,31100419,21110809,40101509,0,30411919,20810709,41900409,0,40202019,10502019,40210009,11311909,0,20810409,40412019,11101919,21800119,40301209,10300819
24,384,454.912877001334,1,0,428001.06208206,428002.109090209,15,1,1,7,3,45740059,0,42000319,11601909,0,0,41710019,0,0,0,-4030040,0,0,0,0,0,0,0,0,0,0,0,0,0,0,0,0,42000319,0,0,0,11601909,0,0,0,0,0,0,0,0
24,385,367.325067112688,1,0,428003.685527582,428004.732554594,15,1,1,9,19,186086755,144125964,94833166,53003747,0,0,30310919,21010009,40201609,21311909,41110419,31111709,-1030181,20900909,10200519,42010909,30100709,0,0,10211009,30701909,0,10000019,31710509,0,0,11111819,42010819,0,0,0,10200809,0,20801719,0,0,0,0,22001219,0
24,386,450.280623917934,1,0,428006.285460752,428007.332526645,15,1,1,36,9,91832637,30211709,113914956,35761210,0,0,40610609,0,0,40410219,10811809,0,0,0,0,0,0,0,0,30211709,0,0,21901209,30701909,0,0,0,0,30011719,0,31300119,0,0,31711019,0,0,0,0,0,-4050191
24,387,406.614334031474,0,0,428008.838345353,428009.885368515,15,1,0,24,3,21201909,20400909,2190010,20001509,0,0,0,0,0,0,0,0,21201909,0,20400909,0,0,0,0,0,0,0,0,0,0,0,0,-2190010,0,0,0,20001509,0,0,0,0,0,0,0,0
24,388,392.566669499502,0,0,428011.379455107,428012.426483274,15,1,0,14,9,52733737,83834907,31111819,42212018,10411709,0,0,0,10610619,0,31711409,0,0,0,21501909,0,0,-1031160,0,0,40300119,21001719,0,0,0,31111819,0,0,0,0,0,0,31602009,0,0,0,0,10610009,0,0
24,389,378.667215583846,1,1,428013.991158504,428015.038180127,15,0,0,30,19,43724147,198334892,153826874,74171378,0,0,20811819,11801809,0,0,0,11110519,0,20710409,10000819,41001109,32010319,0,21400009,30700309,10700709,31811209,20401409,10400609,0,31311609,40301519,30311609,0,21100119,0,0,0,-1050060,0,0,31111109,42010209,0,0
24,390,532.453552179504,1,0,428016.473450232,428017.520473779,15,0,1,25,9,70403447,30111019,23610729,143843256,10000719,0,0,0,0,30401519,0,30001209,0,0,0,0,0,0,0,0,30111019,0,0,0,0,20410609,0,0,-3200120,0,0,0,0,41910219,0,41210109,0,40011719,20711209,0
24,391,493.111160409171,0,0,428051.825527258,428052.87255812,16,1,0,24,3,21201909,20400909,2190010,20001509,0,0,0,0,0,0,0,0,21201909,0,20400909,0,0,0,0,0,0,0,0,0,0,0,0,-2190010,0,0,0,20001509,0,0,0,0,0,0,0,0
24,392,468.258370063268,0,0,428054.43723566,428055.484261132,16,0,0,25,31,236668231,179637912,168077774,177707083,21512019,31501919,30001009,30311119,10410009,21110909,30500519,21210509,40110219,0,31700519,21301609,30501119,11000919,10910709,20800819,11810909,41611309,31811519,31910719,20210619,10012009,10810819,41500519,-1120061,20701509,0,11301509,40200709,31700709,11800609,0,10801819,40801409,31100319,0
24,393,351.266358804423,0,0,428057.025409383,428058.07242985,16,1,0,19,9,83813557,62321628,13810359,94813637,11600419,0,0,0,0,0,40312019,31901119,0,41011109,0,0,0,0,0,0,0,21310519,-3000050,0,0,0,0,0,0,0,10810309,0,0,21400609,0,31801409,0,0,41611619,0
24,394,403.334838978481,0,0,428059.484169896,428060.531191519,16,0,0,35,19,134444955,146633565,105124875,156466966,0,31612009,20700709,0,0,30010619,0,40310709,11810909,30710709,31410319,11400809,0,0,31511119,0,41600609,0,0,30000319,20901419,10810109,0,32011909,11401119,0,0,41711409,30711209,0,0,0,40101419,0,-3131020,40811909
24,395,351.128542271908,0,1,428061.966459314,428063.013482476,16,0,1,20,19,92835795,135343484,113563037,124121776,0,10100619,0,0,10411619,30411819,0,10301419,31610319,21010219,20801309,0,21910009,10000009,30810019,0,30811919,0,0,-1141191,40710209,0,20600909,0,40910709,10200019,0,0,0,21310119,0,31601119,30100219,41110319,0,0
24,396,397.737100138329,0,0,428064.554692321,428065.601693925,16,1,0,33,19,150755493,94515156,123303865,77203017,30900409,21910109,12010819,12012009,0,11911209,20300919,0,41710019,40400819,11501519,0,11600809,31012009,0,0,0,0,20400409,0,21600519,20200419,21101209,0,40001309,0,0,22000719,0,0,0,32001009,-1200180,22001109,0,0
24,397,521.50945487665,1,0,428067.084000282,428068.1310092,16,1,1,11,31,230750221,171700204,205039393,196248412,20701809,20811119,42000419,40602019,11011709,41301009,11311409,11010009,32000719,11212019,-3071001,11601009,40501809,0,10600819,42011519,21601609,31100419,21110809,40101509,0,30411919,20810709,41900409,0,40202019,10502019,40210009,11311909,0,20810409,40412019,11101919,21800119,40301209,10300819
24,398,381.152533111162,0,0,428069.766271914,428070.813303546,16,0,0,28,3,31001619,52101328,0,1020060,0,0,0,0,31001619,0,0,0,0,0,0,31600619,0,20500709,0,0,0,0,0,0,0,0,0,0,0,0,0,-1020060,0,0,0,0,0,0,0,0
24,399,349.781558674295,0,0,428072.342678875,428073.3897798,16,1,0,9,19,186086755,144125964,94833166,53003747,0,0,30310919,21010009,40201609,21311909,41110419,31111709,-1030181,20900909,10200519,42010909,30100709,0,0,10211009,30701909,0,10000019,31710509,0,0,11111819,42010819,0,0,0,10200809,0,20801719,0,0,0,0,22001219,0
24,400,344.422111462336,0,0,428074.777913948,428075.824945965,16,1,0,10,0,0,0,0,0,0,0,0,0,0,0,0,0,0,-20811691,0,0,0,0,0,0,0,0,0,0,0,0,0,0,0,0,0,0,0,0,0,0,0,0,0,0
24,401,373.835551959928,1,0,428077.283755753,428078.330760823,16,0,1,22,3,20101709,0,65282419,0,0,0,0,0,20101709,0,0,0,0,0,0,0,0,0,0,0,0,0,0,0,0,-4070191,40412009,0,0,20800219,0,0,0,0,0,0,0,0,0,0
24,402,389.983186556492,1,0,428079.848384788,428080.895402176,16,0,1,12,9,40221838,22201140,51112428,104223066,0,0,0,0,10010119,30211719,0,0,0,0,0,-1001031,21200109,0,0,0,0,0,40811119,0,0,10301309,0,0,0,0,0,11001019,0,0,0,0,41310119,0,40610809,11301119
24,403,340.525906649418,1,0,428082.413009588,428083.460047379,16,0,1,16,0,0,0,0,0,0,0,0,0,0,0,0,0,0,0,0,0,0,0,0,-40611601,0,0,0,0,0,0,0,0,0,0,0,0,0,0,0,0,0,0,0,0
24,404,422.183755086735,1,0,428084.954136281,428086.001162908,16,0,1,6,3,2181121,82511838,20000619,0,0,0,0,0,0,-2181121,0,0,0,41211719,0,0,0,0,0,0,41300119,0,0,0,0,0,0,0,0,20000619,0,0,0,0,0,0,0,0,0,0
24,405,392.903126718011,0,0,428087.636426007,428088.683457639,16,1,0,14,9,52733737,83834907,31111819,42212018,10411709,0,0,0,10610619,0,31711409,0,0,0,21501909,0,0,-1031160,0,0,40300119,21001719,0,0,0,31111819,0,0,0,0,0,0,31602009,0,0,0,0,10610009,0,0
24,406,778.18470360944,1,0,428090.20107352,428091.248101687,16,1,1,26,19,73620528,226844084,167993086,188448304,0,0,0,0,0,0,0,31710219,41910309,40710809,20210119,41802019,41810309,40300009,0,0,42010819,0,31800009,41911019,0,21600219,31201519,0,40310309,-1170011,0,0,40301319,42010519,22010619,41812019,31101909,11211919,0,0
24,407,416.384680836927,0,0,428093.153938718,428094.20096727,16,0,0,1,31,148296474,198936832,268960831,188554993,-2171171,10810509,11810019,20101309,0,20700119,20400819,20701809,41600719,20210319,10110509,12002019,0,41811219,11300019,30401219,31501019,41600509,40011919,30411209,21701009,41901709,10911619,30211419,32000519,31601119,30210309,30910219,0,0,41000009,21811309,41910709,20610919,20500919,11810909
24,408,427.313764579594,1,0,428095.789165246,428096.836194183,16,1,1,36,9,91832637,30211709,113914956,35761210,0,0,40610609,0,0,40410219,10811809,0,0,0,0,0,0,0,0,30211709,0,0,21901209,30701909,0,0,0,0,30011719,0,31300119,0,0,31711019,0,0,0,0,0,-4050191
24,409,439.38195228111,1,0,428098.400865178,428099.44789373,16,1,1,3,31,168635923,237536041,147470002,229950293,20201209,31601409,-3030040,0,30401319,20401109,21900709,30600109,10500019,40200219,21210409,10500719,30810319,10100119,20100419,31810509,31101519,41701809,22011619,21101609,20701609,11710209,10711009,0,30110419,20911709,10211819,31601709,41001719,30911509,40701719,0,0,12010909,31911319,41811409
24,410,425.489042652771,0,0,428101.047866167,428102.094892794,16,1,0,29,3,32010409,30900719,10200819,3080110,0,0,0,0,0,0,32010409,0,0,0,0,0,0,30900719,0,0,0,0,0,0,10200819,0,0,0,0,0,0,0,-3080110,0,0,0,0,0,0,0
24,411,463.522562058643,1,0,428103.600743838,428104.64776931,16,1,1,4,31,120017984,231129031,197857093,188037412,10311309,11210719,11900809,-2060091,0,10001309,31910819,21511219,21111709,12001819,31401009,31400319,21300009,10411119,20600019,22011909,41801419,40201409,40411319,0,11311219,31201009,0,10800209,31311609,41910019,30911709,10800109,20800309,40300509,20411819,11301719,0,21701119,31910419,30811409
24,412,468.226033204701,1,0,428106.177156958,428107.224182815,16,0,1,34,19,207658223,75522365,65503957,76366376,22011019,30310409,41801719,31711819,40210419,10311319,0,0,31301519,0,10800709,20410619,10800319,0,12000009,21510709,0,0,0,0,0,11500719,42002019,12001219,0,0,0,10010719,41512009,10700919,0,0,0,-2131110,0,12011619
24,413,477.214136335533,1,0,428108.730034629,428109.777057407,16,1,1,7,3,45740059,0,42000319,11601909,0,0,41710019,0,0,0,-4030040,0,0,0,0,0,0,0,0,0,0,0,0,0,0,0,0,42000319,0,0,0,11601909,0,0,0,0,0,0,0,0
24,414,700.734494661447,1,0,428111.45942605,428112.506414181,16,0,1,30,31,188244893,226058122,236737602,213056252,0,30700809,20601919,0,21911009,21210219,41400109,20910619,31510209,21500819,30911519,10910419,20500109,30001219,0,41112009,40511419,30610609,41201209,31000519,20612019,0,11210509,41110109,40700609,20200809,30701819,21200809,11300519,-3110040,41710819,31611109,10800409,30310019,21001509,42011019
24,415,321.48065965157,0,0,428114.34165757,428115.388691511,16,0,0,8,9,75995516,32311118,63012428,30100709,0,11101009,0,0,0,20211819,21110609,-2160060,21412019,0,0,0,0,0,0,10410509,21900609,0,0,0,41010409,0,22002019,0,0,0,0,0,30100709,0,0,0,0,0,0,0
24,416,467.574676731601,0,0,428116.89454525,428117.941568797,16,0,0,5,9,34172510,61602228,42421718,63326146,0,0,0,0,-2171201,0,0,32001309,0,0,0,0,0,30601009,0,31001219,0,0,0,11310509,0,0,31111209,0,0,0,0,30801919,10710509,11811809,0,0,0,0,10001909,0
24,417,318.348990229424,1,0,428129.317762566,428130.364799202,17,1,1,10,0,0,0,0,0,0,0,0,0,0,0,0,0,0,-20811691,0,0,0,0,0,0,0,0,0,0,0,0,0,0,0,0,0,0,0,0,0,0,0,0,0,0
24,418,507.581513666082,0,0,428131.776529239,428132.823559715,17,1,0,11,31,230750221,171700204,205039393,196248412,20701809,20811119,42000419,40602019,11011709,41301009,11311409,11010009,32000719,11212019,-3071001,11601009,40501809,0,10600819,42011519,21601609,31100419,21110809,40101509,0,30411919,20810709,41900409,0,40202019,10502019,40210009,11311909,0,20810409,40412019,11101919,21800119,40301209,10300819
24,419,358.080579026137,0,0,428134.399991699,428135.447019095,17,1,0,3,31,168635923,237536041,147470002,229950293,20201209,31601409,-3030040,0,30401319,20401109,21900709,30600109,10500019,40200219,21210409,10500719,30810319,10100119,20100419,31810509,31101519,41701809,22011619,21101609,20701609,11710209,10711009,0,30110419,20911709,10211819,31601709,41001719,30911509,40701719,0,0,12010909,31911319,41811409
24,420,391.220070887357,1,0,428136.846999693,428137.894025936,17,0,1,12,9,50422118,1071141,74923766,74033947,0,0,0,0,20111209,0,0,30310909,0,0,0,-1071141,0,0,0,0,0,0,11010619,11500519,41101319,0,0,11311309,0,0,0,0,0,0,0,41310609,21011819,11711519,0,0
24,421,489.794323977549,1,0,428139.423395105,428140.470447525,17,0,1,35,31,187757722,198046912,246728331,150775954,10810119,20300809,41511219,0,30301519,10811809,11611819,41810409,20600019,40200819,21801519,10910919,0,30010209,31010009,21911609,31200809,11001019,31401719,10200819,20500019,40900909,30101819,31100809,40710019,20901809,20910409,41510319,10110619,0,31900319,0,11311419,41902009,-3031160,11010109
24,422,411.072199116461,0,0,428142.035104662,428143.082126669,17,1,0,33,19,150755493,94515156,123303865,77203017,30900409,21910109,12010819,12012009,0,11911209,20300919,0,41710019,40400819,11501519,0,11600809,31012009,0,0,0,0,20400409,0,21600519,20200419,21101209,0,40001309,0,0,22000719,0,0,0,32001009,-1200180,22001109,0,0
24,423,478.370563476346,0,0,428144.646807289,428145.693833146,17,0,0,30,9,71023547,41910119,63813128,72341397,0,0,10000219,20711419,0,0,40311909,0,0,0,0,41910119,0,0,0,0,0,0,0,42001119,0,0,0,0,0,0,21812009,0,30410319,-1010050,30010509,0,0,0,10910519,0
24,424,645.872727036476,0,0,428147.282038436,428148.329056594,17,0,0,34,3,0,41101919,0,53812579,0,0,0,0,0,0,0,0,0,0,0,0,0,0,41101919,0,0,0,0,0,0,0,0,0,0,0,0,0,0,0,0,11611319,0,-2191141,0,40010119
24,425,380.632833752315,1,0,428150.105495815,428151.152522827,17,0,1,22,31,239146111,158458812,118268063,168645913,41601509,10100609,10011409,41500119,20500009,40411909,21800119,32010209,21210219,11902009,10011819,11710119,31400119,41611819,10011709,20900809,0,20910409,0,20411319,20811419,-3011170,10200509,21301209,21111019,10411109,11010309,11410209,20011919,21710119,21401119,0,11801019,0,41600519,40711009
24,426,446.522235637531,0,0,428152.646615578,428153.6936372,17,1,0,36,9,91832637,30211709,113914956,35761210,0,0,40610609,0,0,40410219,10811809,0,0,0,0,0,0,0,0,30211709,0,0,21901209,30701909,0,0,0,0,30011719,0,31300119,0,0,31711019,0,0,0,0,0,-4050191
24,427,399.963337869849,1,0,428155.328901839,428156.375919997,17,0,1,3,0,0,0,0,0,0,0,-41600891,0,0,0,0,0,0,0,0,0,0,0,0,0,0,0,0,0,0,0,0,0,0,0,0,0,0,0,0,0,0,0,0,0
24,428,384.704581578262,0,0,428157.917128687,428158.96413876,17,0,0,8,19,167466314,93912757,156757794,113235446,0,31411319,30911519,0,21911809,20810709,31210209,-1100140,30110609,0,0,30700619,0,21410119,0,0,0,41802019,0,41612019,11811519,0,31000719,20510209,0,31511809,20311519,20911819,0,31211809,0,0,0,0,20210009,40901809
24,429,433.689897530712,0,0,428160.411198725,428161.458161063,17,0,0,5,9,33332749,31902019,134226965,10701109,10711609,0,21610119,0,-1011021,0,0,0,0,0,0,0,0,0,31902019,0,0,0,30001819,0,0,31111609,0,10111609,31201409,31800519,0,0,0,0,10701109,0,0,0,0,0
24,430,396.484432276338,1,0,428163.034591892,428164.081621599,17,0,1,6,31,160095565,233336522,199739322,231271231,11000009,21301209,10811019,31702009,0,-2161091,0,41810019,41310209,30100509,10111819,30401309,30200219,40300919,0,20010019,41200109,31011619,0,21401519,42001119,22001609,41601419,40011719,11400209,11311709,10010019,21401219,42001319,10601409,32012019,20510819,31011309,40011409,21911109,11810619
24,431,633.965838642325,1,0,428165.669819959,428166.716852746,17,0,1,1,3,1171041,11801209,22913018,0,-1171041,0,0,0,0,0,0,0,0,0,0,0,0,0,0,11801209,0,0,0,0,0,0,0,0,11801709,11111309,0,0,0,0,0,0,0,0,0,0
24,432,512.240714102518,0,0,428168.528577239,428169.575606561,17,1,0,24,3,21201909,20400909,2190010,20001509,0,0,0,0,0,0,0,0,21201909,0,20400909,0,0,0,0,0,0,0,0,0,0,0,0,-2190010,0,0,0,20001509,0,0,0,0,0,0,0,0
24,433,391.322085924912,1,0,428171.128513874,428172.175538191,17,1,1,14,9,52733737,83834907,31111819,42212018,10411709,0,0,0,10610619,0,31711409,0,0,0,21501909,0,0,-1031160,0,0,40300119,21001719,0,0,0,31111819,0,0,0,0,0,0,31602009,0,0,0,0,10610009,0,0
24,434,402.830153238028,1,0,428173.751979799,428174.799034528,17,0,1,20,19,184655075,132733156,53093048,175646103,41010319,30711719,41210109,0,0,30111819,0,41611109,0,31211209,20400319,0,0,0,0,40911619,0,40210009,0,-1081121,30801209,0,0,11110509,0,10100209,0,0,40300309,20511309,10211219,21601419,30710019,0,31311819,21000009
24,435,422.799310064875,0,0,428176.246039828,428177.293067995,17,1,0,9,19,186086755,144125964,94833166,53003747,0,0,30310919,21010009,40201609,21311909,41110419,31111709,-1030181,20900909,10200519,42010909,30100709,0,0,10211009,30701909,0,10000019,31710509,0,0,11111819,42010819,0,0,0,10200809,0,20801719,0,0,0,0,22001219,0
24,436,526.807308022399,0,0,428178.740165301,428179.787130334,17,1,0,19,9,83813557,62321628,13810359,94813637,11600419,0,0,0,0,0,40312019,31901119,0,41011109,0,0,0,0,0,0,0,21310519,-3000050,0,0,0,0,0,0,0,10810309,0,0,21400609,0,31801409,0,0,41611619,0
24,437,502.178180846386,0,0,428181.363582336,428182.41058933,17,1,0,26,19,73620528,226844084,167993086,188448304,0,0,0,0,0,0,0,31710219,41910309,40710809,20210119,41802019,41810309,40300009,0,0,42010819,0,31800009,41911019,0,21600219,31201519,0,40310309,-1170011,0,0,40301319,42010519,22010619,41812019,31101909,11211919,0,0
24,438,467.656673747115,1,0,428184.08114232,428185.128164713,17,0,1,25,19,134225775,84442156,119423266,164526485,0,40200519,0,11510819,0,10201219,0,30311509,42001709,0,11210309,0,0,0,0,21011009,20610519,31610319,31810619,30710419,12000609,11400119,30501309,0,-3000191,0,0,0,0,0,20011319,41901819,30601409,31400119,0,40611819
24,439,458.995788707398,1,0,428186.751669519,428187.798691911,17,1,1,7,3,45740059,0,42000319,11601909,0,0,41710019,0,0,0,-4030040,0,0,0,0,0,0,0,0,0,0,0,0,0,0,0,0,42000319,0,0,0,11601909,0,0,0,0,0,0,0,0
24,440,351.917330292054,1,0,428189.445715613,428190.492746089,17,1,1,29,3,32010409,30900719,10200819,3080110,0,0,0,0,0,0,32010409,0,0,0,0,0,0,30900719,0,0,0,0,0,0,10200819,0,0,0,0,0,0,0,-3080110,0,0,0,0,0,0,0
24,441,348.33640960278,1,0,428191.951537785,428192.998568646,17,0,1,28,3,0,40610519,0,56713638,0,0,0,0,0,0,0,0,0,0,0,0,40610519,0,0,0,0,0,0,0,0,0,0,0,0,0,0,-4091200,10611219,0,0,0,0,0,0,42011219
24,442,381.926307629328,0,0,428194.386763619,428195.433801025,17,1,0,4,31,120017984,231129031,197857093,188037412,10311309,11210719,11900809,-2060091,0,10001309,31910819,21511219,21111709,12001819,31401009,31400319,21300009,10411119,20600019,22011909,41801419,40201409,40411319,0,11311219,31201009,0,10800209,31311609,41910019,30911709,10800109,20800309,40300509,20411819,11301719,0,21701119,31910419,30811409
24,443,430.974372429773,0,0,428216.468590466,428217.515608624,18,1,0,10,0,0,0,0,0,0,0,0,0,0,0,0,0,0,-20811691,0,0,0,0,0,0,0,0,0,0,0,0,0,0,0,0,0,0,0,0,0,0,0,0,0,0
24,444,520.851169072557,0,0,428219.00970638,428220.056761879,18,0,0,22,31,208238142,228028102,196936034,203425082,41501819,40600319,21500919,10511609,11610019,31500719,10400719,0,40612019,40801219,21211319,41901219,21600609,20401509,0,30300709,41101309,10710209,40301519,10110809,20200019,-3000111,41211019,30201719,30310819,0,21600019,20800209,20010319,30510309,20501709,40000609,10300109,40200009,21101809,0
24,445,532.360391225666,1,0,428221.715523855,428222.762543168,18,1,1,11,31,230750221,171700204,205039393,196248412,20701809,20811119,42000419,40602019,11011709,41301009,11311409,11010009,32000719,11212019,-3071001,11601009,40501809,0,10600819,42011519,21601609,31100419,21110809,40101509,0,30411919,20810709,41900409,0,40202019,10502019,40210009,11311909,0,20810409,40412019,11101919,21800119,40301209,10300819
24,446,423.983069544192,1,0,428224.36251137,428225.409536457,18,1,1,9,19,186086755,144125964,94833166,53003747,0,0,30310919,21010009,40201609,21311909,41110419,31111709,-1030181,20900909,10200519,42010909,30100709,0,0,10211009,30701909,0,10000019,31710509,0,0,11111819,42010819,0,0,0,10200809,0,20801719,0,0,0,0,22001219,0
24,447,605.728843424004,0,0,428226.93892526,428227.985947268,18,1,0,7,3,45740059,0,42000319,11601909,0,0,41710019,0,0,0,-4030040,0,0,0,0,0,0,0,0,0,0,0,0,0,0,0,0,42000319,0,0,0,11601909,0,0,0,0,0,0,0,0
24,448,425.676134356763,0,0,428229.632975974,428230.679999136,18,1,0,24,3,21201909,20400909,2190010,20001509,0,0,0,0,0,0,0,0,21201909,0,20400909,0,0,0,0,0,0,0,0,0,0,0,0,-2190010,0,0,0,20001509,0,0,0,0,0,0,0,0
24,449,563.712887524161,1,0,428232.291814172,428233.338834255,18,1,1,33,19,150755493,94515156,123303865,77203017,30900409,21910109,12010819,12012009,0,11911209,20300919,0,41710019,40400819,11501519,0,11600809,31012009,0,0,0,0,20400409,0,21600519,20200419,21101209,0,40001309,0,0,22000719,0,0,0,32001009,-1200180,22001109,0,0
24,450,593.989028770011,1,0,428234.950493767,428235.997519239,18,0,1,25,9,61612128,82514357,83373958,60922028,31501619,0,0,0,30110509,0,0,0,0,0,0,0,0,0,10601219,30711719,41201419,0,0,0,41201119,0,0,41101719,-1071120,0,0,0,20710619,0,0,0,0,0,40211409,0
24,451,459.170946618542,1,0,428237.762194007,428238.809221404,18,1,1,36,9,91832637,30211709,113914956,35761210,0,0,40610609,0,0,40410219,10811809,0,0,0,0,0,0,0,0,30211709,0,0,21901209,30701909,0,0,0,0,30011719,0,31300119,0,0,31711019,0,0,0,0,0,-4050191
24,452,1037.49886993319,0,0,428240.315073218,428241.362088296,18,1,0,19,9,83813557,62321628,13810359,94813637,11600419,0,0,0,0,0,40312019,31901119,0,41011109,0,0,0,0,0,0,0,21310519,-3000050,0,0,0,0,0,0,0,10810309,0,0,21400609,0,31801409,0,0,41611619,0
24,453,1074.00216365932,0,0,428243.538514274,428244.585549371,18,0,0,12,31,210178611,220247443,165846603,190268402,11211019,21110109,11212009,32001709,32010209,41811509,30500209,10010119,20311719,0,21600319,-2100060,31310509,31610709,31111409,21800919,40311809,40401709,0,30801419,30411119,10501709,21011309,40600209,11710719,0,20810119,0,41000709,22011119,11710119,21801909,10810909,31911509,20812009,30210119
24,454,529.511284199543,0,0,428246.82079376,428247.867817692,18,0,0,8,19,86223927,103933366,206528393,136633475,30410209,0,0,20401819,0,0,31210709,-4201190,0,0,30110419,0,0,41010319,0,0,21001019,11811609,10511709,40600519,22001409,0,0,40101409,40300019,12011609,41001719,41310309,31000409,10811219,0,11511319,42000219,0,0,0
24,455,393.641484668478,0,0,428249.526609311,428250.573695992,18,0,0,11,0,0,0,0,0,0,0,0,0,0,0,0,0,0,0,-31910601,0,0,0,0,0,0,0,0,0,0,0,0,0,0,0,0,0,0,0,0,0,0,0,0,0
24,456,576.474392495584,1,0,428252.103017041,428253.150044053,18,1,1,29,3,32010409,30900719,10200819,3080110,0,0,0,0,0,0,32010409,0,0,0,0,0,0,30900719,0,0,0,0,0,0,10200819,0,0,0,0,0,0,0,-3080110,0,0,0,0,0,0,0
24,457,573.453977180179,1,0,428254.90295052,428255.949975607,18,1,1,14,9,52733737,83834907,31111819,42212018,10411709,0,0,0,10610619,0,31711409,0,0,0,21501909,0,0,-1031160,0,0,40300119,21001719,0,0,0,31111819,0,0,0,0,0,0,31602009,0,0,0,0,10610009,0,0
24,458,394.68550280435,1,0,428257.714660384,428258.761668148,18,1,1,4,31,120017984,231129031,197857093,188037412,10311309,11210719,11900809,-2060091,0,10001309,31910819,21511219,21111709,12001819,31401009,31400319,21300009,10411119,20600019,22011909,41801419,40201409,40411319,0,11311219,31201009,0,10800209,31311609,41910019,30911709,10800109,20800309,40300509,20411819,11301719,0,21701119,31910419,30811409
24,459,368.163900275249,1,0,428260.279285185,428261.326311427,18,0,1,35,3,11611209,61200638,0,4201020,0,0,11611209,0,0,0,0,0,0,30200419,0,0,31000219,0,0,0,0,0,0,0,0,0,0,0,0,0,0,0,0,0,0,0,0,0,-4201020,0
24,460,357.181306753773,0,1,428262.738053397,428263.785084644,18,0,1,34,3,41700009,63700928,0,2050181,0,0,0,41700009,0,0,0,0,0,0,31900319,0,0,0,0,0,0,31800609,0,0,0,0,0,0,0,0,0,0,0,0,0,0,0,-2050181,0,0
24,461,490.647015802097,0,0,428265.208615704,428266.25560499,18,0,0,28,19,52010828,168655493,175046045,146902695,0,0,30100009,0,0,21910819,0,0,0,21810119,20810919,42001409,0,30910709,0,22010209,20501909,10610219,41011309,0,41510009,0,40301409,0,0,41311609,10911709,-2170130,0,0,30510409,30400809,0,31710019,10100719,42010609
24,462,434.015575796366,1,0,428267.820296389,428268.867308002,18,0,1,30,3,32511528,21700009,0,3051091,11410019,0,0,0,0,0,21101509,0,0,0,0,0,0,0,0,21700009,0,0,0,0,0,0,0,0,0,0,0,0,0,-3051091,0,0,0,0,0,0
24,463,463.696565071587,1,0,428270.45557835,428271.502542229,18,1,1,3,31,168635923,237536041,147470002,229950293,20201209,31601409,-3030040,0,30401319,20401109,21900709,30600109,10500019,40200219,21210409,10500719,30810319,10100119,20100419,31810509,31101519,41701809,22011619,21101609,20701609,11710209,10711009,0,30110419,20911709,10211819,31601709,41001719,30911509,40701719,0,0,12010909,31911319,41811409
24,464,412.935802305583,1,0,428273.008392118,428274.055433374,18,0,1,5,9,83361898,33301938,72623147,10200119,40300619,10400919,0,0,-2050041,0,30610319,0,0,0,21400319,0,0,0,0,11901619,0,0,0,0,0,30310619,0,0,31000719,11311809,0,10200119,0,0,0,0,0,0,0,0
24,465,707.125641172752,0,0,428275.561270559,428276.608293722,18,0,0,1,31,230085893,246524232,170207293,187157722,-3161201,10310619,40901009,11000709,30700209,30600509,30800309,40900119,31711209,30300019,40500719,30301319,40900019,0,21810409,30810309,10000719,41900719,21301309,0,21701619,0,10600409,22002019,31701619,41000309,21900009,40511519,11610119,10201509,11401319,31811019,30610709,41011409,0,10000119
24,466,398.303764814045,0,0,428278.325900287,428279.372935383,18,0,0,20,9,30310009,73010628,146385967,32821118,0,30310009,0,0,0,0,0,0,0,0,31100609,0,41910019,0,0,0,0,0,0,-2071101,0,0,40600919,41911619,40100419,0,21701909,0,0,0,0,21410109,11411009,0,0,0
24,467,384.563685336616,0,0,428280.831735163,428281.87875409,18,1,0,26,19,73620528,226844084,167993086,188448304,0,0,0,0,0,0,0,31710219,41910309,40710809,20210119,41802019,41810309,40300009,0,0,42010819,0,31800009,41911019,0,21600219,31201519,0,40310309,-1170011,0,0,40301319,42010519,22010619,41812019,31101909,11211919,0,0
24,468,772.074964654166,0,0,428283.302257433,428284.349280211,18,0,0,6,19,75965088,135536804,239139103,83913147,31512019,30010509,0,10301409,0,-4141151,0,0,0,10010919,0,20502019,0,21510219,0,41510519,21401909,20601219,41710709,40701219,0,41201109,41611719,11201719,41211719,0,21500909,0,0,0,0,11801719,0,40610409,31501019,0
24,469,597.210779436864,0,0,428299.795975616,428300.843002243,19,0,0,34,3,11301209,60912128,0,3080101,0,11301209,0,0,0,0,0,0,0,0,0,30110419,0,0,0,0,30801709,0,0,0,0,0,0,0,0,0,0,0,0,0,0,0,0,-3080101,0,0
24,470,538.950563292019,0,0,428302.49002248,428303.537049877,19,0,0,12,9,32211828,36163389,74913447,22301928,0,21910619,0,0,10301209,0,0,0,0,0,11410709,-4051171,0,0,0,20701509,0,0,0,0,31811219,0,0,0,22000709,0,21101519,0,0,10601219,0,0,0,0,11700709,0
24,471,421.582058770582,0,0,428305.160543134,428306.207572841,19,0,0,35,31,149246422,257259421,186848113,168627054,0,10600719,11510509,10801909,31100519,22011609,11910619,30400119,20910419,31000709,30000809,20010119,41711819,20401519,30311809,40510419,11800409,31511809,20811909,40301719,31310119,0,21000919,0,21511409,21401519,30510519,20710109,31001809,10301119,10511409,0,31701809,21110209,-3190171,40100419
24,472,437.371293373872,0,0,428307.642845256,428308.689866108,19,0,0,25,19,167015284,93835266,139758036,82814456,40701619,40900709,31701309,0,21400319,0,10800519,21510809,0,0,21711419,10112019,0,0,0,0,31600409,30411419,30101909,0,30800909,0,0,31702019,-4050071,31501309,11601819,10401919,0,32001609,10300619,0,30110309,0,0,0
24,473,412.889221857768,1,0,428310.324922283,428311.372152369,19,1,1,7,3,45740059,0,42000319,11601909,0,0,41710019,0,0,0,-4030040,0,0,0,0,0,0,0,0,0,0,0,0,0,0,0,0,42000319,0,0,0,11601909,0,0,0,0,0,0,0,0
24,474,467.632806045003,1,0,428312.960358814,428314.007386211,19,1,1,19,9,83813557,62321628,13810359,94813637,11600419,0,0,0,0,0,40312019,31901119,0,41011109,0,0,0,0,0,0,0,21310519,-3000050,0,0,0,0,0,0,0,10810309,0,0,21400609,0,31801409,0,0,41611619,0
24,475,650.509984581731,1,0,428315.654411452,428316.701439619,19,1,1,36,9,91832637,30211709,113914956,35761210,0,0,40610609,0,0,40410219,10811809,0,0,0,0,0,0,0,0,30211709,0,0,21901209,30701909,0,0,0,0,30011719,0,31300119,0,0,31711019,0,0,0,0,0,-4050191
24,476,458.931499975733,0,0,428318.513170272,428319.560205753,19,0,0,28,31,168860882,156226702,187337002,148968414,0,11111409,21500209,10511319,11012009,31801809,30211109,10801609,41911409,10501809,20010709,11100509,10601519,20011609,22000409,30300019,0,31700119,10511219,20001319,11910619,31701009,0,40100109,12010609,40500109,20602009,-1030111,12001509,20010919,31201119,0,11601909,11600619,41311309,20210919
24,477,402.694646443706,1,0,428321.160165871,428322.207194423,19,1,1,14,9,52733737,83834907,31111819,42212018,10411709,0,0,0,10610619,0,31711409,0,0,0,21501909,0,0,-1031160,0,0,40300119,21001719,0,0,0,31111819,0,0,0,0,0,0,31602009,0,0,0,0,10610009,0,0
24,478,371.286330628209,1,0,428323.783627561,428324.830653418,19,1,1,9,19,186086755,144125964,94833166,53003747,0,0,30310919,21010009,40201609,21311909,41110419,31111709,-1030181,20900909,10200519,42010909,30100709,0,0,10211009,30701909,0,10000019,31710509,0,0,11111819,42010819,0,0,0,10200809,0,20801719,0,0,0,0,22001219,0
24,479,360.616326623131,1,0,428326.301205331,428327.348232343,19,0,1,22,9,82422837,32510518,95513258,31010419,30611609,30800319,0,0,0,21010909,0,0,0,0,21110509,0,0,0,0,0,11400009,0,0,21410819,31011019,-1191111,0,0,41900309,0,0,0,31010419,0,0,0,0,0,0,0
24,480,535.009317856748,1,0,428328.8187985,428329.865825897,19,1,1,33,19,150755493,94515156,123303865,77203017,30900409,21910109,12010819,12012009,0,11911209,20300919,0,41710019,40400819,11501519,0,11600809,31012009,0,0,0,0,20400409,0,21600519,20200419,21101209,0,40001309,0,0,22000719,0,0,0,32001009,-1200180,22001109,0,0
24,481,365.37715716986,0,0,428331.477560091,428332.524590953,19,1,0,4,31,120017984,231129031,197857093,188037412,10311309,11210719,11900809,-2060091,0,10001309,31910819,21511219,21111709,12001819,31401009,31400319,21300009,10411119,20600019,22011909,41801419,40201409,40411319,0,11311219,31201009,0,10800209,31311609,41910019,30911709,10800109,20800309,40300509,20411819,11301719,0,21701119,31910419,30811409
24,482,386.050025292207,1,0,428334.065725729,428335.112755821,19,1,1,3,31,168635923,237536041,147470002,229950293,20201209,31601409,-3030040,0,30401319,20401109,21900709,30600109,10500019,40200219,21210409,10500719,30810319,10100119,20100419,31810509,31101519,41701809,22011619,21101609,20701609,11710209,10711009,0,30110419,20911709,10211819,31601709,41001719,30911509,40701719,0,0,12010909,31911319,41811409
24,483,393.914807995316,0,0,428336.700954182,428337.748042018,19,0,0,1,31,188838024,189958811,165847664,227949431,-2091131,21200409,0,10511719,30200719,30311219,40901909,21810609,31810309,11810709,41510519,20800209,20110419,11111909,10300619,32001509,20411609,21901309,0,20001709,40400609,0,21910509,10011819,32011709,0,41511309,10711119,40201019,30200509,40410709,21700919,21001809,31411019,11811709,20500619
24,484,529.845431621652,0,0,428339.147957942,428340.194982259,19,0,0,6,19,139968935,72524027,72726356,174935203,0,41011209,10301619,0,32011819,-3031050,41811819,0,11801419,0,20711409,0,41101009,0,10711609,0,0,0,20401409,0,0,10911719,0,0,10511309,0,30901919,10510119,10010519,40600009,0,20501719,40911719,0,20800109,31601009
24,485,481.72474122839,0,0,428341.936122349,428342.98315244,19,1,0,24,3,21201909,20400909,2190010,20001509,0,0,0,0,0,0,0,0,21201909,0,20400909,0,0,0,0,0,0,0,0,0,0,0,0,-2190010,0,0,0,20001509,0,0,0,0,0,0,0,0
24,486,475.391724088695,0,0,428344.512529309,428345.559556321,19,0,0,32,0,0,0,0,0,0,0,0,0,0,0,0,0,0,0,0,0,0,0,0,0,0,0,0,0,0,0,0,0,0,0,0,0,0,0,0,-31699991,0,0,0,0
24,487,738.035430607852,1,0,428347.147764306,428348.194782079,19,1,1,26,19,73620528,226844084,167993086,188448304,0,0,0,0,0,0,0,31710219,41910309,40710809,20210119,41802019,41810309,40300009,0,0,42010819,0,31800009,41911019,0,21600219,31201519,0,40310309,-1170011,0,0,40301319,42010519,22010619,41812019,31101909,11211919,0,0
24,488,503.942463721614,0,0,428349.994749434,428351.041768747,19,1,0,29,3,32010409,30900719,10200819,3080110,0,0,0,0,0,0,32010409,0,0,0,0,0,0,30900719,0,0,0,0,0,0,10200819,0,0,0,0,0,0,0,-3080110,0,0,0,0,0,0,0
24,489,605.383532121778,1,0,428352.712330592,428353.759356064,19,0,1,30,3,0,32011409,21011609,21302419,0,0,0,0,0,0,0,0,0,0,32011409,0,0,0,0,0,0,0,0,21011609,0,0,0,0,0,0,0,20111409,0,-1191010,0,0,0,0,0,0
24,490,402.436721604317,1,0,428355.453441039,428356.500466896,19,0,1,20,3,31110509,41510718,3010161,0,0,31110509,0,0,0,0,0,0,0,0,0,0,0,0,21100709,0,20410009,0,0,-3010161,0,0,0,0,0,0,0,0,0,0,0,0,0,0,0,0
24,491,360.235213825945,1,0,428358.041607063,428359.088642159,19,1,1,10,0,0,0,0,0,0,0,0,0,0,0,0,0,0,-20811691,0,0,0,0,0,0,0,0,0,0,0,0,0,0,0,0,0,0,0,0,0,0,0,0,0,0
24,492,366.237548179924,0,0,428360.594492433,428361.641520985,19,0,0,8,9,98015746,83111918,40102019,21910019,21100619,0,0,10701219,30111109,0,11610409,-4191171,20301219,0,0,41710209,0,0,0,0,0,41401709,40102019,0,0,0,0,0,0,0,0,0,0,0,0,21910019,0,0,0,0
24,493,532.388493476901,0,0,428363.194432533,428364.241453001,19,1,0,11,31,230750221,171700204,205039393,196248412,20701809,20811119,42000419,40602019,11011709,41301009,11311409,11010009,32000719,11212019,-3071001,11601009,40501809,0,10600819,42011519,21601609,31100419,21110809,40101509,0,30411919,20810709,41900409,0,40202019,10502019,40210009,11311909,0,20810409,40412019,11101919,21800119,40301209,10300819
24,494,423.703201871831,1,0,428365.806130926,428366.853157553,19,0,1,5,19,67603657,156527074,115925256,161835165,20401909,0,0,11400009,-3000021,0,21100209,0,11701509,21311909,31811709,0,11301209,40000009,0,0,21501619,30600619,40611109,0,21812019,21500609,32001519,0,0,0,0,0,40010719,0,40900809,0,40700719,30111709,0,10111209
24,495,424.173241015524,1,0,428371.782453811,428372.829486212,20,0,1,20,3,0,31521928,3081171,20210619,0,0,0,0,0,0,0,0,0,0,10410719,0,0,0,21111209,0,0,0,0,-3081171,0,0,0,0,0,0,0,0,0,0,0,0,0,0,20210619,0
24,496,340.101293055341,1,0,428374.429447485,428375.476472187,20,1,1,29,3,32010409,30900719,10200819,3080110,0,0,0,0,0,0,32010409,0,0,0,0,0,0,30900719,0,0,0,0,0,0,10200819,0,0,0,0,0,0,0,-3080110,0,0,0,0,0,0,0
24,497,435.759070678614,0,0,428376.911803886,428377.958816655,20,1,0,33,19,150755493,94515156,123303865,77203017,30900409,21910109,12010819,12012009,0,11911209,20300919,0,41710019,40400819,11501519,0,11600809,31012009,0,0,0,0,20400409,0,21600519,20200419,21101209,0,40001309,0,0,22000719,0,0,0,32001009,-1200180,22001109,0,0
24,498,564.227197319269,1,0,428379.429325837,428380.476351694,20,0,1,35,31,187349503,208158851,126648183,192530132,31711309,0,21301719,41311909,20001019,21211309,20510419,31301819,0,10611719,40702019,21611219,11800319,20100319,30110219,20211409,21110309,31901319,30401409,11111209,0,20001509,11911909,0,21210619,21911319,10100209,40611719,30610119,10000709,22001509,20701419,21410509,11711409,-4081020,31401719
24,499,441.434186999686,1,0,428382.076322976,428383.123350373,20,1,1,14,9,52733737,83834907,31111819,42212018,10411709,0,0,0,10610619,0,31711409,0,0,0,21501909,0,0,-1031160,0,0,40300119,21001719,0,0,0,31111819,0,0,0,0,0,0,31602009,0,0,0,0,10610009,0,0
24,500,509.726139483973,1,0,428384.652769202,428385.699768112,20,1,1,4,31,120017984,231129031,197857093,188037412,10311309,11210719,11900809,-2060091,0,10001309,31910819,21511219,21111709,12001819,31401009,31400319,21300009,10411119,20600019,22011909,41801419,40201409,40411319,0,11311219,31201009,0,10800209,31311609,41910019,30911709,10800109,20800309,40300509,20411819,11301719,0,21701119,31910419,30811409
24,501,411.777450353839,0,0,428387.25273394,428388.29978174,20,1,0,7,3,45740059,0,42000319,11601909,0,0,41710019,0,0,0,-4030040,0,0,0,0,0,0,0,0,0,0,0,0,0,0,0,0,42000319,0,0,0,11601909,0,0,0,0,0,0,0,0
24,502,421.280633192509,1,0,428389.770250501,428390.817281363,20,0,1,22,3,0,20300319,1201040,63501818,0,0,0,0,0,0,0,0,0,0,0,0,0,0,0,20300319,0,0,0,0,0,-1201040,0,0,0,0,0,0,41700009,0,0,21801809,0,0,0,0
24,503,329.25536116818,1,0,428392.370191756,428393.417211454,20,1,1,10,0,0,0,0,0,0,0,0,0,0,0,0,0,0,-20811691,0,0,0,0,0,0,0,0,0,0,0,0,0,0,0,0,0,0,0,0,0,0,0,0,0,0
24,504,457.330056233332,0,0,428394.770133857,428395.81715933,20,0,0,6,19,247997483,113235165,52901827,81832137,40410309,30500319,32010219,41112009,11400419,-1141071,40701809,40010519,10710809,0,20510519,0,10711709,0,10611719,0,40700909,30700309,20500309,0,0,11100109,0,0,21301409,0,0,21310709,30110809,30410619,0,0,0,0,0,0
24,505,500.807329604868,0,0,428397.381893074,428398.428859262,20,0,0,30,9,30910519,72623147,41612528,63983858,30910519,0,0,0,0,0,0,0,0,21900319,30612019,0,0,0,0,20110809,0,0,0,0,0,0,0,30200819,0,0,11411709,42011219,0,-1060001,0,0,10600919,0,0,10311719
24,506,890.953291964252,1,0,428400.087675518,428401.134676738,20,1,1,24,3,21201909,20400909,2190010,20001509,0,0,0,0,0,0,0,0,21201909,0,20400909,0,0,0,0,0,0,0,0,0,0,0,0,-2190010,0,0,0,20001509,0,0,0,0,0,0,0,0
24,507,482.570888707414,1,0,428403.075809051,428404.122838758,20,1,1,9,19,186086755,144125964,94833166,53003747,0,0,30310919,21010009,40201609,21311909,41110419,31111709,-1030181,20900909,10200519,42010909,30100709,0,0,10211009,30701909,0,10000019,31710509,0,0,11111819,42010819,0,0,0,10200809,0,20801719,0,0,0,0,22001219,0
24,508,533.558779337909,1,0,428405.711040198,428406.758069904,20,0,1,12,31,207769802,151176633,279958721,186036283,10102019,41311609,30111909,30710409,0,40411119,31900519,12010809,11211409,41510419,10000909,-4131050,41011609,11510719,10510709,21200809,0,11300409,41600009,21600009,31511819,40812019,40111319,20711709,40600609,31411219,11600009,20702009,0,40111909,21310119,21600609,41000409,11010309,30300919,0
24,509,405.146472214255,0,0,428408.393327614,428409.440345772,20,0,0,25,3,31500109,30800709,1040141,40710019,0,31500109,0,0,0,0,0,0,0,0,0,0,30800709,0,0,0,0,0,0,0,0,0,0,0,-1040141,0,0,40710019,0,0,0,0,0,0,0,0
24,510,532.0531912148,0,0,428411.040315129,428412.08734984,20,0,0,28,9,93302447,81001528,20900609,76563728,30100509,0,41700919,0,0,0,0,21501019,0,0,0,0,0,0,0,40500509,40501019,0,0,0,0,0,0,0,0,0,20900609,-2151171,11401019,0,0,31610519,0,0,31401019,0
24,511,357.21017891774,0,0,428413.746139918,428414.793162311,20,0,0,21,0,0,0,0,0,0,0,0,0,0,0,0,0,0,0,0,0,0,0,0,0,0,0,0,0,-11710591,0,0,0,0,0,0,0,0,0,0,0,0,0,0,0
24,512,488.501620071474,1,0,428416.310779732,428417.357809824,20,0,1,8,19,135898346,165527384,111824056,121603366,30310809,41611309,10401819,20101919,0,0,30401309,-3071181,0,0,41311919,21801519,10711709,0,11700719,40000109,40001409,0,0,30310609,0,0,20611119,0,0,20401819,40500509,0,0,31200409,0,0,40100519,0,30101419,20201019
24,513,358.733090339229,0,0,428418.910718292,428419.957750693,20,1,0,26,19,73620528,226844084,167993086,188448304,0,0,0,0,0,0,0,31710219,41910309,40710809,20210119,41802019,41810309,40300009,0,0,42010819,0,31800009,41911019,0,21600219,31201519,0,40310309,-1170011,0,0,40301319,42010519,22010619,41812019,31101909,11211919,0,0
24,514,488.319147902075,0,0,428421.346002641,428422.392978068,20,0,0,5,19,114562967,146442774,235358483,63722657,41301519,0,31000219,0,-1151110,0,41110119,0,0,21310119,0,0,40400409,0,20510119,41110609,11411509,11700009,20600609,0,41512009,30912009,0,40710019,40511219,20311609,40801009,0,0,0,0,10911219,21510019,31301419,0,0
24,515,440.370535769034,1,0,428424.040003309,428425.087033016,20,0,1,1,9,109434626,10810109,62802328,42112128,-4001070,10710109,41510819,0,0,41810919,0,0,11401709,0,0,0,0,0,10810109,0,0,0,0,0,0,0,30901619,0,31900709,0,0,0,0,31101009,0,0,0,11011119,0,0
24,516,384.77579964092,0,0,428426.604648897,428427.651676294,20,1,0,11,31,230750221,171700204,205039393,196248412,20701809,20811119,42000419,40602019,11011709,41301009,11311409,11010009,32000719,11212019,-3071001,11601009,40501809,0,10600819,42011519,21601609,31100419,21110809,40101509,0,30411919,20810709,41900409,0,40202019,10502019,40210009,11311909,0,20810409,40412019,11101919,21800119,40301209,10300819
24,517,531.5866167075,0,0,428429.039881276,428430.086913292,20,1,0,36,9,91832637,30211709,113914956,35761210,0,0,40610609,0,0,40410219,10811809,0,0,0,0,0,0,0,0,30211709,0,0,21901209,30701909,0,0,0,0,30011719,0,31300119,0,0,31711019,0,0,0,0,0,-4050191
24,518,1074.57768253516,0,0,428431.68687803,428432.733905427,20,1,0,3,31,168635923,237536041,147470002,229950293,20201209,31601409,-3030040,0,30401319,20401109,21900709,30600109,10500019,40200219,21210409,10500719,30810319,10100119,20100419,31810509,31101519,41701809,22011619,21101609,20701609,11710209,10711009,0,30110419,20911709,10211819,31601709,41001719,30911509,40701719,0,0,12010909,31911319,41811409
24,519,518.097532738466,1,0,428434.863270516,428435.910290599,20,1,1,19,9,83813557,62321628,13810359,94813637,11600419,0,0,0,0,0,40312019,31901119,0,41011109,0,0,0,0,0,0,0,21310519,-3000050,0,0,0,0,0,0,0,10810309,0,0,21400609,0,31801409,0,0,41611619,0
24,520,544.18066306971,0,0,428437.474971219,428438.521994766,20,0,0,34,31,197067612,257850421,179439273,217940753,20100819,20011219,0,11210809,30411819,30111009,41800309,11911419,31510209,40301219,20301909,30200909,21801009,30911519,22011409,40600419,41710609,10011419,40100509,32010819,11712009,11211209,11901309,40501509,0,0,32001909,20711809,40300209,10701719,40201709,0,41901409,-2201180,30211709,31711009
24,521,5000,-1,-1,428473.262328359,428474.309358066,21,0,1,22,9,63810538,114023956,14111410,43403018,0,0,0,0,41810419,22000119,0,0,0,20011519,0,0,0,41310319,0,31601709,0,21100409,0,0,0,-3111191,0,11000219,0,0,0,0,21701309,0,0,0,21701709,0,0,0
24,522,720.49076721305,1,0,428480.450387517,428481.497430312,21,0,1,12,3,0,42310730,12001819,41710019,0,0,0,0,0,0,0,0,0,0,0,-2110121,0,0,0,0,40200609,0,0,0,0,0,0,0,0,12001819,0,0,0,0,0,0,41710019,0,0,0
24,523,466.339717211667,1,0,428483.37972843,428484.426766606,21,1,1,29,3,32010409,30900719,10200819,3080110,0,0,0,0,0,0,32010409,0,0,0,0,0,0,30900719,0,0,0,0,0,0,10200819,0,0,0,0,0,0,0,-3080110,0,0,0,0,0,0,0
24,524,503.503221552819,1,0,428485.932611106,428486.979644663,21,0,1,35,19,22512728,164254475,168045184,148334214,11201819,0,0,11310909,0,0,0,0,0,40911119,0,0,30610719,30511219,0,41910709,20310709,0,11410509,41811609,11201019,40410119,0,0,21610909,41601019,0,0,31610109,0,20310309,11401709,30600509,41600419,-2010150,10801009
24,525,371.509223885369,0,0,428488.532546971,428489.579579373,21,0,0,8,9,43842878,41811228,124034566,11100509,10111609,0,0,0,0,0,0,-3020160,30711109,0,0,31601209,0,0,10210019,0,0,0,0,0,30001609,40410319,11811619,0,0,0,41811019,0,0,0,0,0,0,11100509,0,0
24,526,400.178146956023,1,0,428490.967787819,428492.014810982,21,0,1,34,31,249165702,149827893,189665442,200838332,41800119,31610409,40410419,40911409,40910319,10611309,32001109,10910609,0,21300709,11401819,0,11300509,42001209,31110819,0,11000809,21712019,0,31510019,31311719,11511019,40210219,21410219,20510319,11701019,21500909,41100809,30800419,21201009,11311419,21311719,20101209,-4200110,20210819,30600819
24,527,353.283177013509,1,0,428493.473611146,428494.520631999,21,0,1,30,3,42012528,0,0,41692990,20511109,0,0,0,0,0,21501419,0,0,0,0,0,0,0,0,0,0,0,0,0,0,0,0,0,0,0,0,0,0,-1181171,0,40511819,0,0,0,0
24,528,380.516960110981,0,0,428495.932368965,428496.979394822,21,1,0,19,9,83813557,62321628,13810359,94813637,11600419,0,0,0,0,0,40312019,31901119,0,41011109,0,0,0,0,0,0,0,21310519,-3000050,0,0,0,0,0,0,0,10810309,0,0,21400609,0,31801409,0,0,41611619,0
24,529,461.923043127172,1,0,428498.391136407,428499.438185747,21,0,1,28,19,154045965,114611647,166744283,137933566,30511319,30610319,0,0,0,41512009,20510709,30901609,0,0,41500219,31700009,0,0,0,0,0,41411419,11610709,0,30010109,11711609,20910319,10100019,41001509,41400009,0,-2190010,30912019,31010219,31810309,0,0,0,42011009,0
24,530,430.289909243584,0,0,428500.920484404,428501.967516036,21,1,0,36,9,91832637,30211709,113914956,35761210,0,0,40610609,0,0,40410219,10811809,0,0,0,0,0,0,0,0,30211709,0,0,21901209,30701909,0,0,0,0,30011719,0,31300119,0,0,31711019,0,0,0,0,0,-4050191
24,531,468.186767015141,1,0,428503.461596083,428504.50862348,21,0,1,25,9,0,52713338,74454838,84403866,0,0,0,0,0,0,0,0,0,0,0,0,31101319,0,0,21612019,0,0,40501019,0,0,11301109,0,0,-1051001,0,21601709,0,40701119,11601219,21300009,0,0,0,0,10801519
24,532,466.604186454788,1,0,428506.026245136,428507.073266759,21,0,1,1,19,96315247,153825984,82823647,127539284,-2001191,0,0,21801809,0,0,11501509,20000619,41010119,0,30411009,20901509,20700819,40200919,0,21210219,20401509,0,0,0,0,41600519,20811319,0,20411809,0,0,0,11811109,30512019,0,41601519,0,20601409,11711809,11301419
24,533,333.92226084834,0,0,428508.590891109,428509.637910037,21,1,0,7,3,45740059,0,42000319,11601909,0,0,41710019,0,0,0,-4030040,0,0,0,0,0,0,0,0,0,0,0,0,0,0,0,0,42000319,0,0,0,11601909,0,0,0,0,0,0,0,0
24,534,367.228826507926,0,0,428511.002587654,428512.049616206,21,0,0,4,0,0,0,0,0,0,0,0,-21100101,0,0,0,0,0,0,0,0,0,0,0,0,0,0,0,0,0,0,0,0,0,0,0,0,0,0,0,0,0,0,0,0
24,535,448.559841839597,1,0,428513.567236322,428514.614269494,21,1,1,26,19,73620528,226844084,167993086,188448304,0,0,0,0,0,0,0,31710219,41910309,40710809,20210119,41802019,41810309,40300009,0,0,42010819,0,31800009,41911019,0,21600219,31201519,0,40310309,-1170011,0,0,40301319,42010519,22010619,41812019,31101909,11211919,0,0
24,536,335.15144593548,0,0,428516.249522583,428517.296562299,21,1,0,3,31,168635923,237536041,147470002,229950293,20201209,31601409,-3030040,0,30401319,20401109,21900709,30600109,10500019,40200219,21210409,10500719,30810319,10100119,20100419,31810509,31101519,41701809,22011619,21101609,20701609,11710209,10711009,0,30110419,20911709,10211819,31601709,41001719,30911509,40701719,0,0,12010909,31911319,41811409
24,537,541.824692918453,0,0,428518.778874815,428519.825898747,21,1,0,33,19,150755493,94515156,123303865,77203017,30900409,21910109,12010819,12012009,0,11911209,20300919,0,41710019,40400819,11501519,0,11600809,31012009,0,0,0,0,20400409,0,21600519,20200419,21101209,0,40001309,0,0,22000719,0,0,0,32001009,-1200180,22001109,0,0
24,538,406.550430227071,0,0,428521.449397009,428522.496418246,21,1,0,24,3,21201909,20400909,2190010,20001509,0,0,0,0,0,0,0,0,21201909,0,20400909,0,0,0,0,0,0,0,0,0,0,0,0,-2190010,0,0,0,20001509,0,0,0,0,0,0,0,0
24,539,371.029175701551,1,0,428524.084624306,428525.131651703,21,1,1,14,9,52733737,83834907,31111819,42212018,10411709,0,0,0,10610619,0,31711409,0,0,0,21501909,0,0,-1031160,0,0,40300119,21001719,0,0,0,31111819,0,0,0,0,0,0,31602009,0,0,0,0,10610009,0,0
24,540,383.768352912739,1,0,428526.672801108,428527.719885095,21,0,1,20,3,72111728,0,4120131,30600709,0,0,0,0,0,31100319,41011409,0,0,0,0,0,0,0,0,0,0,0,0,-4120131,0,0,0,0,0,0,0,30600709,0,0,0,0,0,0,0,0
24,541,421.141661703587,0,0,428529.225677625,428530.272698862,21,1,0,11,31,230750221,171700204,205039393,196248412,20701809,20811119,42000419,40602019,11011709,41301009,11311409,11010009,32000719,11212019,-3071001,11601009,40501809,0,10600819,42011519,21601609,31100419,21110809,40101509,0,30411919,20810709,41900409,0,40202019,10502019,40210009,11311909,0,20810409,40412019,11101919,21800119,40301209,10300819
24,542,764.137809048407,0,0,428531.731501336,428532.778528348,21,0,0,5,31,160746965,257731831,198247602,218547592,41601619,10700809,41710419,21800109,-2021081,0,0,22001409,20911519,21601819,30510519,41301409,20900219,41001719,10602009,40511609,11100709,40201819,20710009,32011509,10511019,31801109,22000909,20300519,30410609,0,30501919,10200409,22000909,20311409,41311609,30011809,0,21500509,31800119,41410819
24,543,366.593638493214,1,0,428534.754995594,428535.80198411,21,1,1,10,0,0,0,0,0,0,0,0,0,0,0,0,0,0,-20811691,0,0,0,0,0,0,0,0,0,0,0,0,0,0,0,0,0,0,0,0,0,0,0,0,0,0
24,544,343.716090370435,0,0,428537.307839389,428538.35487564,21,1,0,9,19,186086755,144125964,94833166,53003747,0,0,30310919,21010009,40201609,21311909,41110419,31111709,-1030181,20900909,10200519,42010909,30100709,0,0,10211009,30701909,0,10000019,31710509,0,0,11111819,42010819,0,0,0,10200809,0,20801719,0,0,0,0,22001219,0
24,545,362.353662087116,0,0,428539.77835858,428540.825390597,21,1,0,4,31,120017984,231129031,197857093,188037412,10311309,11210719,11900809,-2060091,0,10001309,31910819,21511219,21111709,12001819,31401009,31400319,21300009,10411119,20600019,22011909,41801419,40201409,40411319,0,11311219,31201009,0,10800209,31311609,41910019,30911709,10800109,20800309,40300509,20411819,11301719,0,21701119,31910419,30811409
24,546,445.7742535742,0,0,428542.248945525,428543.295912098,21,0,0,6,31,211937884,204858412,231439441,177127503,31000109,21700519,11911509,0,41411019,-2000181,41711919,40901909,21300719,20211219,40211319,0,30110719,11601209,20110809,10010619,31501409,41101109,11710309,11101809,31301219,31301519,40800509,31711219,21101219,41101319,11310319,11900409,31901319,20411319,20710009,10600909,41402019,0,40201519,0
24,547,390.546001668554,0,0,428556.577947902,428557.624974914,22,1,0,24,3,21201909,20400909,2190010,20001509,0,0,0,0,0,0,0,0,21201909,0,20400909,0,0,0,0,0,0,0,0,0,0,0,0,-2190010,0,0,0,20001509,0,0,0,0,0,0,0,0
24,548,467.697479762137,1,0,428559.130827498,428560.17785528,22,1,1,3,31,168635923,237536041,147470002,229950293,20201209,31601409,-3030040,0,30401319,20401109,21900709,30600109,10500019,40200219,21210409,10500719,30810319,10100119,20100419,31810509,31101519,41701809,22011619,21101609,20701609,11710209,10711009,0,30110419,20911709,10211819,31601709,41001719,30911509,40701719,0,0,12010909,31911319,41811409
24,549,415.362990519498,1,0,428561.754294578,428562.801321975,22,1,1,9,19,186086755,144125964,94833166,53003747,0,0,30310919,21010009,40201609,21311909,41110419,31111709,-1030181,20900909,10200519,42010909,30100709,0,0,10211009,30701909,0,10000019,31710509,0,0,11111819,42010819,0,0,0,10200809,0,20801719,0,0,0,0,22001219,0
24,550,437.918709998485,1,0,428564.23659054,428565.283669907,22,0,1,20,19,102233447,125034855,147394135,186055874,0,0,0,0,41011609,0,0,40711519,20510319,0,40210719,10910009,0,0,42011009,0,20701609,11201509,20810319,-2170150,0,40300319,0,0,31211219,31101719,21800409,11000519,0,0,0,40711009,32012019,41911009,40010609,20410709
24,551,661.754737549927,1,0,428566.918874876,428567.965903043,22,0,1,30,31,311341411,196117393,168557703,240599193,40612009,32001509,40401809,41700909,42001619,11810809,31311109,31501219,40000419,21501719,0,10300409,40511809,42001109,0,20400619,30901709,30500019,0,10710419,10401719,0,21910109,40411219,31402009,12011519,41710709,30911619,40711019,-2161161,41501309,10611409,40800019,11500119,40701119,21701419
24,552,391.820997290779,1,0,428569.730639405,428570.777595969,22,0,1,12,3,20210319,45371698,0,0,0,0,0,0,0,0,20210319,0,0,0,0,-4060060,0,11011519,0,0,30300119,0,0,0,0,0,0,0,0,0,0,0,0,0,0,0,0,0,0,0
24,553,375.918198784348,0,0,428572.330508287,428573.37753299,22,1,0,4,31,120017984,231129031,197857093,188037412,10311309,11210719,11900809,-2060091,0,10001309,31910819,21511219,21111709,12001819,31401009,31400319,21300009,10411119,20600019,22011909,41801419,40201409,40411319,0,11311219,31201009,0,10800209,31311609,41910019,30911709,10800109,20800309,40300509,20411819,11301719,0,21701119,31910419,30811409
24,554,353.857540991157,1,0,428574.824564852,428575.871614577,22,1,1,29,3,32010409,30900719,10200819,3080110,0,0,0,0,0,0,32010409,0,0,0,0,0,0,30900719,0,0,0,0,0,0,10200819,0,0,0,0,0,0,0,-3080110,0,0,0,0,0,0,0
24,555,329.107150610071,1,0,428577.389203511,428578.436236297,22,0,1,15,0,0,0,0,0,0,0,0,0,0,0,0,0,0,0,0,0,0,0,-21401791,0,0,0,0,0,0,0,0,0,0,0,0,0,0,0,0,0,0,0,0,0
24,556,339.117714029271,0,0,428579.836203422,428580.883228894,22,1,0,33,19,150755493,94515156,123303865,77203017,30900409,21910109,12010819,12012009,0,11911209,20300919,0,41710019,40400819,11501519,0,11600809,31012009,0,0,0,0,20400409,0,21600519,20200419,21101209,0,40001309,0,0,22000719,0,0,0,32001009,-1200180,22001109,0,0
24,557,326.390855654608,0,0,428582.294965475,428583.341999031,22,1,0,10,0,0,0,0,0,0,0,0,0,0,0,0,0,0,-20811691,0,0,0,0,0,0,0,0,0,0,0,0,0,0,0,0,0,0,0,0,0,0,0,0,0,0
24,558,341.022123175208,0,0,428584.718436096,428585.765462723,22,0,0,35,9,51103438,93612937,93204247,12592349,0,0,0,0,0,0,20902019,0,30201419,11601819,40000309,0,0,42010809,0,0,0,0,20201319,0,31502019,0,0,0,0,41500909,0,0,0,10511219,0,0,0,0,-2081130,0
24,559,369.299924466759,1,1,428587.177208543,428588.224232091,22,0,0,5,31,199897263,229767802,268069141,206417703,31701009,10501609,31911319,0,-1180160,31000119,41000419,11601419,41001209,22002019,31810309,20811009,41511009,21311109,20500009,31811319,0,40011019,11610019,20600809,20312019,40512019,31910219,40210519,41400419,30701509,30811609,40001719,30300319,10910219,41301019,0,11200509,0,31001909,41702009
24,560,389.279090217315,0,0,428589.624200755,428590.671232386,22,1,0,14,9,52733737,83834907,31111819,42212018,10411709,0,0,0,10610619,0,31711409,0,0,0,21501909,0,0,-1031160,0,0,40300119,21001719,0,0,0,31111819,0,0,0,0,0,0,31602009,0,0,0,0,10610009,0,0
24,561,857.253679656424,0,0,428592.224135465,428593.271167867,22,1,0,36,9,91832637,30211709,113914956,35761210,0,0,40610609,0,0,40410219,10811809,0,0,0,0,0,0,0,0,30211709,0,0,21901209,30701909,0,0,0,0,30011719,0,31300119,0,0,31711019,0,0,0,0,0,-4050191
24,562,446.925676253159,1,0,428595.259356064,428596.306383846,22,0,1,34,19,115015855,104215975,114222136,116527166,30800009,20900809,21601909,11602009,30111119,0,0,0,0,30901119,31501419,0,21100819,10501209,0,0,0,10211409,0,31810209,10710309,0,0,0,31300509,40401109,0,0,20112019,31810609,30201209,20711719,0,-3190101,0,10501509
24,563,338.802429789212,0,0,428597.894632636,428598.941613068,22,1,0,7,3,45740059,0,42000319,11601909,0,0,41710019,0,0,0,-4030040,0,0,0,0,0,0,0,0,0,0,0,0,0,0,0,0,42000319,0,0,0,11601909,0,0,0,0,0,0,0,0
24,564,500.227191136219,1,0,428600.459231259,428601.506254806,22,0,1,28,19,156157984,113620876,86344265,148541406,0,32001609,10512019,41610319,10712009,30910509,30411519,0,0,0,0,31010019,30700719,0,31110019,20800119,0,0,0,0,30311909,21810019,11501309,11410419,0,11310609,0,-3010150,41300609,0,0,0,0,41610019,21010219,41610409
24,565,661.584199173376,0,0,428603.176811647,428604.223838274,22,1,0,11,31,230750221,171700204,205039393,196248412,20701809,20811119,42000419,40602019,11011709,41301009,11311409,11010009,32000719,11212019,-3071001,11601009,40501809,0,10600819,42011519,21601609,31100419,21110809,40101509,0,30411919,20810709,41900409,0,40202019,10502019,40210009,11311909,0,20810409,40412019,11101919,21800119,40301209,10300819
24,566,340.992096171249,0,0,428605.941449844,428606.988479551,22,0,0,8,9,148766207,41200109,42112338,51621128,41211509,0,0,40511919,41200409,0,21701319,-4141051,0,0,0,0,0,41200109,0,0,0,0,0,0,0,0,0,30601219,11511119,0,0,0,0,20711109,30910019,0,0,0,0,0
24,567,437.437891901936,1,0,428608.376686457,428609.423713469,22,0,1,1,3,25881609,41800009,0,11600119,-4170200,0,0,0,21711409,0,0,0,0,0,41800009,0,0,0,0,0,0,0,0,0,0,0,0,0,0,0,0,0,0,0,11600119,0,0,0,0,0
24,568,384.248401096556,0,0,428611.000149687,428612.047174774,22,1,0,26,19,73620528,226844084,167993086,188448304,0,0,0,0,0,0,0,31710219,41910309,40710809,20210119,41802019,41810309,40300009,0,0,42010819,0,31800009,41911019,0,21600219,31201519,0,40310309,-1170011,0,0,40301319,42010519,22010619,41812019,31101909,11211919,0,0
24,569,515.238416672219,1,0,428613.611855779,428614.658880866,22,0,1,25,3,0,61911928,2191031,11010309,0,0,0,0,0,0,0,0,0,0,31510109,0,0,30401819,0,0,0,0,0,0,0,0,0,0,-2191031,0,0,0,0,0,0,0,11010309,0,0,0
24,570,450.805327738635,1,0,428616.329484287,428617.376492821,22,1,1,19,9,83813557,62321628,13810359,94813637,11600419,0,0,0,0,0,40312019,31901119,0,41011109,0,0,0,0,0,0,0,21310519,-3000050,0,0,0,0,0,0,0,10810309,0,0,21400609,0,31801409,0,0,41611619,0
24,571,460.575289616827,1,0,428618.870542457,428619.917580632,22,0,1,6,31,160218374,221347132,250539821,277536912,41910509,0,20200719,10212009,30601909,-4181000,41700409,0,11411819,0,30101419,41800909,41211209,41611319,21911119,11800619,11210319,21700219,40200419,21902019,11110509,40200509,41810009,22011009,42001519,11101809,20202019,40300009,41101809,41210719,11111919,0,40001119,41500809,41310409,21000119
24,572,428.479430906009,0,0,428621.41166068,428622.458691157,22,0,0,22,9,52912528,94723666,24453258,41311719,0,0,21500609,0,0,31411919,0,0,0,0,11501119,41810519,0,11111209,0,0,30300819,0,0,0,11811519,-2131120,10510619,0,0,0,0,0,0,0,41311719,0,0,0,0,0
24,573,410.524782550056,1,0,428631.846690184,428632.893730669,23,0,1,8,31,218666624,224539911,246846702,236337893,31101009,41210209,30000519,40700509,31111409,31101619,0,-3130131,10311219,21011219,40101319,31311609,10600509,10301819,30111109,20800109,30000709,30301509,30511819,31000309,10312009,41800819,40600019,41310709,21000009,0,30311009,0,30410509,40702009,41611019,0,31700509,40410809,41501919,10001119
24,574,403.645118698478,0,0,428634.458391271,428635.505432527,23,1,0,24,3,21201909,20400909,2190010,20001509,0,0,0,0,0,0,0,0,21201909,0,20400909,0,0,0,0,0,0,0,0,0,0,0,0,-2190010,0,0,0,20001509,0,0,0,0,0,0,0,0
24,575,503.352701256517,0,0,428637.034810551,428638.081838333,23,0,0,35,3,0,50912128,30501009,2111031,0,0,0,0,0,0,0,0,0,0,0,0,0,0,0,20910309,30001819,0,0,0,0,0,0,0,30501009,0,0,0,0,0,0,0,0,0,-2111031,0
24,576,410.055898304563,1,0,428639.622982733,428640.670007436,23,0,1,20,3,60410938,20300819,2141171,0,0,0,30410719,0,0,0,0,30000219,0,20300819,0,0,0,0,0,0,0,0,0,-2141171,0,0,0,0,0,0,0,0,0,0,0,0,0,0,0,0
24,577,363.378817099147,0,0,428642.187619468,428643.234652639,23,1,0,26,19,73620528,226844084,167993086,188448304,0,0,0,0,0,0,0,31710219,41910309,40710809,20210119,41802019,41810309,40300009,0,0,42010819,0,31800009,41911019,0,21600219,31201519,0,40310309,-1170011,0,0,40301319,42010519,22010619,41812019,31101909,11211919,0,0
24,578,402.424787753262,0,0,428644.681678727,428645.728711899,23,0,0,12,9,144845065,44612118,10610409,41111219,30910209,30510109,11811909,0,0,31202019,0,40410819,0,12001009,0,-1200090,0,0,31411019,0,0,0,0,0,0,0,0,0,10610409,0,0,0,0,41111219,0,0,0,0,0,0
24,579,425.941758439876,1,0,428647.305191232,428648.352168969,23,1,1,14,9,52733737,83834907,31111819,42212018,10411709,0,0,0,10610619,0,31711409,0,0,0,21501909,0,0,-1031160,0,0,40300119,21001719,0,0,0,31111819,0,0,0,0,0,0,31602009,0,0,0,0,10610009,0,0
24,580,424.281030485872,0,0,428649.928656387,428650.975636049,23,0,0,5,19,154744666,197916104,53822537,148354184,40211719,0,0,40710209,-2111200,0,41700719,30010819,0,31001709,41311319,30901319,21401119,31300519,0,42000119,0,0,0,0,0,21310709,0,0,21510509,0,11001319,41111509,0,11410619,0,0,31600309,11610319,40611209,12010219
24,581,539.909504761454,1,0,428652.446285742,428653.493224598,23,0,1,1,19,65583947,123215856,258129612,77321366,-4060200,0,10512019,40310719,0,10701009,0,0,0,30401819,30010409,0,20901819,0,41901809,0,0,0,41600409,31301519,31401519,0,11000219,30111409,30501609,41201219,41011709,22010319,21510409,0,0,21900319,11900319,0,0,0
24,582,492.363178404048,0,0,428655.128490006,428656.175508549,23,0,0,30,31,147117713,227057612,155726842,159585663,40101209,41800619,21001709,11601719,0,0,10400719,11900719,10311019,10312009,31211409,30810009,41111319,11600309,40510619,0,30201819,31300119,11401119,10010819,40510119,21601809,0,30200719,10100719,20400119,11501419,20410709,11012009,-3030061,10000219,41010609,30900209,20910219,11811019,10500609
24,583,645.716817176435,0,0,428657.834300167,428658.881333339,23,1,0,11,31,230750221,171700204,205039393,196248412,20701809,20811119,42000419,40602019,11011709,41301009,11311409,11010009,32000719,11212019,-3071001,11601009,40501809,0,10600819,42011519,21601609,31100419,21110809,40101509,0,30411919,20810709,41900409,0,40202019,10502019,40210009,11311909,0,20810409,40412019,11101919,21800119,40301209,10300819
24,584,489.335063786712,0,0,428660.716587506,428661.763615673,23,0,0,34,31,192861241,196939403,237548492,107048443,32011709,11501709,21200719,11110819,41801819,11601219,31910319,10811509,20911419,0,30401819,10801419,40011219,21700009,40801209,0,31611719,21612009,30811719,10412019,0,41310309,11200709,41200909,20400909,40711109,41500809,10211419,10211209,0,11211809,10311219,11000609,-3091050,30900409,20110719
24,585,413.501697126776,1,0,428663.328280895,428664.375357182,23,1,1,9,19,186086755,144125964,94833166,53003747,0,0,30310919,21010009,40201609,21311909,41110419,31111709,-1030181,20900909,10200519,42010909,30100709,0,0,10211009,30701909,0,10000019,31710509,0,0,11111819,42010819,0,0,0,10200809,0,20801719,0,0,0,0,22001219,0
24,586,423.818305600435,1,0,428665.940051275,428666.987058654,23,1,1,4,31,120017984,231129031,197857093,188037412,10311309,11210719,11900809,-2060091,0,10001309,31910819,21511219,21111709,12001819,31401009,31400319,21300009,10411119,20600019,22011909,41801419,40201409,40411319,0,11311219,31201009,0,10800209,31311609,41910019,30911709,10800109,20800309,40300509,20411819,11301719,0,21701119,31910419,30811409
24,587,393.925586948171,1,0,428668.434048941,428669.481065944,23,0,1,22,9,21011328,43422147,53784228,71521828,0,0,0,0,10510719,0,0,0,10500609,11810109,0,10411219,0,0,0,0,21200819,0,0,41501019,0,-1181200,11102009,0,0,0,0,0,0,0,41311309,0,0,0,30210519,0
24,588,349.716114986222,0,0,428671.022220739,428672.069244286,23,1,0,7,3,45740059,0,42000319,11601909,0,0,41710019,0,0,0,-4030040,0,0,0,0,0,0,0,0,0,0,0,0,0,0,0,0,42000319,0,0,0,11601909,0,0,0,0,0,0,0,0
24,589,351.262124197092,1,0,428673.445673267,428674.492708363,23,0,1,17,0,0,0,0,0,0,0,0,0,0,0,0,0,0,0,0,0,0,0,0,0,-30110201,0,0,0,0,0,0,0,0,0,0,0,0,0,0,0,0,0,0,0
24,590,420.560368453152,0,0,428676.010328094,428677.057357031,23,1,0,19,9,83813557,62321628,13810359,94813637,11600419,0,0,0,0,0,40312019,31901119,0,41011109,0,0,0,0,0,0,0,21310519,-3000050,0,0,0,0,0,0,0,10810309,0,0,21400609,0,31801409,0,0,41611619,0
24,591,399.338543880731,0,0,428678.50437773,428679.5514263,23,0,0,28,3,62601428,0,0,14402999,0,0,0,0,40601219,0,0,0,22000209,0,0,0,0,0,0,0,0,0,0,0,0,0,0,0,0,0,0,-3191190,0,0,0,11211809,0,0,0,0
24,592,643.614152329974,1,0,428681.104321294,428682.151345611,23,0,1,25,9,51613428,31600809,66304227,54103937,0,0,41601919,0,0,0,0,10011509,0,31600809,0,0,0,0,0,0,0,0,31411719,21201119,0,0,0,11510219,-2181170,0,0,0,0,12001209,0,0,11801619,0,30301109,0
24,593,385.342464316636,1,0,428683.845429432,428684.892460678,23,1,1,29,3,32010409,30900719,10200819,3080110,0,0,0,0,0,0,32010409,0,0,0,0,0,0,30900719,0,0,0,0,0,0,10200819,0,0,0,0,0,0,0,-3080110,0,0,0,0,0,0,0
24,594,551.208537479397,1,0,428686.339492156,428687.386513778,23,1,1,33,19,150755493,94515156,123303865,77203017,30900409,21910109,12010819,12012009,0,11911209,20300919,0,41710019,40400819,11501519,0,11600809,31012009,0,0,0,0,20400409,0,21600519,20200419,21101209,0,40001309,0,0,22000719,0,0,0,32001009,-1200180,22001109,0,0
24,595,602.132909232751,0,0,428688.986480056,428690.033512457,23,1,0,10,0,0,0,0,0,0,0,0,0,0,0,0,0,0,-20811691,0,0,0,0,0,0,0,0,0,0,0,0,0,0,0,0,0,0,0,0,0,0,0,0,0,0
24,596,372.4943427369,0,0,428691.798175677,428692.845209618,23,1,0,3,31,168635923,237536041,147470002,229950293,20201209,31601409,-3030040,0,30401319,20401109,21900709,30600109,10500019,40200219,21210409,10500719,30810319,10100119,20100419,31810509,31101519,41701809,22011619,21101609,20701609,11710209,10711009,0,30110419,20911709,10211819,31601709,41001719,30911509,40701719,0,0,12010909,31911319,41811409
24,597,418.155893043149,1,0,428694.280468559,428695.327497496,23,1,1,36,9,91832637,30211709,113914956,35761210,0,0,40610609,0,0,40410219,10811809,0,0,0,0,0,0,0,0,30211709,0,0,21901209,30701909,0,0,0,0,30011719,0,31300119,0,0,31711019,0,0,0,0,0,-4050191
24,598,413.114039925858,1,0,428696.868643052,428697.915674298,23,0,1,6,19,106034967,116135665,175335094,124544175,41111019,0,21011019,0,0,-2001110,0,0,41911819,31602009,21400519,0,0,0,21611319,20311809,0,21210009,11410519,40100419,0,30610119,40711409,0,0,40901409,11601219,20310809,0,0,21200519,0,31912019,0,20010309,31110519
24,599,348.627441213466,1,0,428724.162087218,428725.20911731,24,1,1,10,0,0,0,0,0,0,0,0,0,0,0,0,0,0,-20811691,0,0,0,0,0,0,0,0,0,0,0,0,0,0,0,0,0,0,0,0,0,0,0,0,0,0
24,600,414.622707758099,0,0,428726.726741276,428727.773819488,24,1,0,26,19,73620528,226844084,167993086,188448304,0,0,0,0,0,0,0,31710219,41910309,40710809,20210119,41802019,41810309,40300009,0,0,42010819,0,31800009,41911019,0,21600219,31201519,0,40310309,-1170011,0,0,40301319,42010519,22010619,41812019,31101909,11211919,0,0
24,601,310.742902278434,0,0,428729.32668792,428730.37373187,24,1,0,14,9,52733737,83834907,31111819,42212018,10411709,0,0,0,10610619,0,31711409,0,0,0,21501909,0,0,-1031160,0,0,40300119,21001719,0,0,0,31111819,0,0,0,0,0,0,31602009,0,0,0,0,10610009,0,0
24,602,484.262028709054,0,0,428731.844256451,428732.891285003,24,1,0,4,31,120017984,231129031,197857093,188037412,10311309,11210719,11900809,-2060091,0,10001309,31910819,21511219,21111709,12001819,31401009,31400319,21300009,10411119,20600019,22011909,41801419,40201409,40411319,0,11311219,31201009,0,10800209,31311609,41910019,30911709,10800109,20800309,40300509,20411819,11301719,0,21701119,31910419,30811409
24,603,502.945795888081,1,0,428734.526538863,428735.573637093,24,0,1,25,31,166318113,129057902,201837522,177766392,30802019,40401019,21211309,12001619,10400219,20100419,0,0,31401509,0,10910309,31110909,10610319,11702009,20601819,11210409,21311209,11600919,11301009,10010709,41011709,11110109,31011319,40600309,-4180130,31001719,21610509,20011819,21110009,21811509,0,30310909,20310019,20300309,31900409,12011409
24,604,463.701954577118,0,0,428737.255890247,428738.302918414,24,0,0,1,31,137679234,255269341,246737403,280751131,-4071060,10701609,40801909,0,0,21201209,10400719,40300919,10201809,20511919,21010219,41000019,40410509,40711109,10301919,21011809,20201019,40110819,41312019,0,41111119,20600009,41701619,21900309,0,40101319,40011009,21801819,41600519,41611509,40601109,41211609,21501619,40910619,20711809,10800519
24,605,363.394600572065,0,0,428739.949938651,428740.996972207,24,0,0,12,9,32003328,62154577,72403128,73021528,0,21501409,0,0,0,0,0,10501919,0,0,0,-1130130,30411609,0,0,20202019,10410819,0,0,31801719,0,0,0,0,0,0,40601409,0,41510719,0,0,0,0,31510809,0,0
24,606,367.573752824683,0,0,428742.396935867,428743.443972503,24,0,0,22,31,197626832,271257511,199266485,126426042,40211719,20300219,10600519,30900809,41511009,11701019,32001219,0,10400319,41810919,20810609,31810419,30711209,41410719,42001209,10400609,11000309,41301509,40110009,31812009,41911209,-2121021,31210219,0,0,41400109,10701909,0,10610319,10100719,11600519,10000319,20511009,41701519,10300419,11601219
24,607,413.358106161468,1,1,428744.832178254,428745.879198722,24,0,0,30,3,41411909,0,32711728,3200190,0,0,0,0,0,0,41411909,0,0,0,0,0,0,0,0,0,0,0,0,0,0,11001409,21710319,0,0,0,0,0,0,-3200190,0,0,0,0,0,0
24,608,500.435070891399,1,0,428747.490927527,428748.537964163,24,1,1,7,3,45740059,0,42000319,11601909,0,0,41710019,0,0,0,-4030040,0,0,0,0,0,0,0,0,0,0,0,0,0,0,0,0,42000319,0,0,0,11601909,0,0,0,0,0,0,0,0
24,609,469.614592730068,0,0,428750.149691043,428751.196718055,24,1,0,36,9,91832637,30211709,113914956,35761210,0,0,40610609,0,0,40410219,10811809,0,0,0,0,0,0,0,0,30211709,0,0,21901209,30701909,0,0,0,0,30011719,0,31300119,0,0,31711019,0,0,0,0,0,-4050191
24,610,385.106097324751,1,0,428752.76139829,428753.808421067,24,0,1,35,3,41323318,0,40210609,4120141,0,0,0,31011809,0,0,0,10311509,0,0,0,0,0,0,0,0,0,0,0,0,0,0,40210609,0,0,0,0,0,0,0,0,0,0,0,-4120141,0
24,611,465.116691542789,1,0,428755.361328765,428756.408357317,24,1,1,3,31,168635923,237536041,147470002,229950293,20201209,31601409,-3030040,0,30401319,20401109,21900709,30600109,10500019,40200219,21210409,10500719,30810319,10100119,20100419,31810509,31101519,41701809,22011619,21101609,20701609,11710209,10711009,0,30110419,20911709,10211819,31601709,41001719,30911509,40701719,0,0,12010909,31911319,41811409
24,612,424.609018489718,1,0,428757.984803929,428759.031821317,24,0,1,14,0,0,0,0,0,0,0,0,0,0,0,0,0,0,0,0,0,0,-31210391,0,0,0,0,0,0,0,0,0,0,0,0,0,0,0,0,0,0,0,0,0,0
24,613,401.948589249514,1,0,428760.596506941,428761.643531644,24,1,1,11,31,230750221,171700204,205039393,196248412,20701809,20811119,42000419,40602019,11011709,41301009,11311409,11010009,32000719,11212019,-3071001,11601009,40501809,0,10600819,42011519,21601609,31100419,21110809,40101509,0,30411919,20810709,41900409,0,40202019,10502019,40210009,11311909,0,20810409,40412019,11101919,21800119,40301209,10300819
24,614,356.896819488611,0,1,428763.149378453,428764.196469369,24,1,1,19,9,83813557,62321628,13810359,94813637,11600419,0,0,0,0,0,40312019,31901119,0,41011109,0,0,0,0,0,0,0,21310519,-3000050,0,0,0,0,0,0,0,10810309,0,0,21400609,0,31801409,0,0,41611619,0
24,615,420.487225637771,1,0,428765.572844455,428766.619884941,24,1,1,29,3,32010409,30900719,10200819,3080110,0,0,0,0,0,0,32010409,0,0,0,0,0,0,30900719,0,0,0,0,0,0,10200819,0,0,0,0,0,0,0,-3080110,0,0,0,0,0,0,0
24,616,394.655475742184,0,0,428768.078670477,428769.125695179,24,0,0,20,3,0,41402009,65982829,0,0,0,0,0,0,0,0,0,0,0,0,0,0,0,0,41402009,0,0,0,-4161001,0,0,0,30811809,0,0,31010019,0,0,0,0,0,0,0,0,0
24,617,562.185356509872,1,0,428770.549198522,428771.607992681,24,0,1,34,19,176148794,42421018,106215165,185574054,41812019,31112009,0,20010919,0,30411519,31201019,0,21601309,0,0,11610409,0,30810609,0,0,0,0,10701109,22001219,0,41511509,0,10501209,0,21500119,0,20511119,20600509,0,30101209,40700419,41400409,-2060080,0,30200309
24,618,356.733980355784,0,0,428773.372657825,428774.419681758,24,0,0,8,19,116703367,206536093,134514556,107232956,11100419,31000309,31500219,0,0,0,0,-3001011,40101409,31902019,20700909,20610409,0,31510709,21010419,40000119,40801509,0,0,30601809,0,30911609,0,31400319,0,0,41600819,0,42000509,0,0,11810219,31810909,21611319,0,0
24,619,649.988360411953,0,0,428775.937300719,428776.9843874,24,0,0,6,9,85882668,82921147,40511619,83602218,0,0,21710719,40710919,0,-3150111,0,0,20310919,41500809,0,0,0,20410019,21010319,0,0,0,0,0,0,0,40511619,0,0,0,0,41701309,0,0,0,0,41900909,0,0,0
24,620,355.577938142233,1,0,428778.819574584,428779.866606986,24,1,1,24,3,21201909,20400909,2190010,20001509,0,0,0,0,0,0,0,0,21201909,0,20400909,0,0,0,0,0,0,0,0,0,0,0,0,-2190010,0,0,0,20001509,0,0,0,0,0,0,0,0
24,621,513.179252564441,1,0,428781.290107249,428782.337135416,24,0,1,5,9,86833747,20711928,81912218,22823018,0,0,0,11611519,-4020110,31201609,40000509,0,0,0,0,0,10510609,0,0,10201319,0,0,0,0,0,0,0,41512009,0,0,40400209,0,0,0,11311009,0,11512009,0,0,0
24,622,670.721667760517,1,0,428783.866513825,428784.913547766,24,0,1,28,19,127844884,82014927,114313756,149445434,0,11501019,0,42011819,0,11210409,20310219,31810509,11000909,0,41702009,20111709,0,0,0,20201209,0,0,0,30811909,30900619,0,11000819,0,0,0,41600409,-3011030,0,21410419,30511409,40010319,31601719,0,11500119,11400419
24,623,431.64074246306,0,0,428786.607624272,428787.654655133,24,1,0,33,19,150755493,94515156,123303865,77203017,30900409,21910109,12010819,12012009,0,11911209,20300919,0,41710019,40400819,11501519,0,11600809,31012009,0,0,0,0,20400409,0,21600519,20200419,21101209,0,40001309,0,0,22000719,0,0,0,32001009,-1200180,22001109,0,0
24,624,378.400051617064,0,0,428789.089916769,428790.136949941,24,1,0,9,19,186086755,144125964,94833166,53003747,0,0,30310919,21010009,40201609,21311909,41110419,31111709,-1030181,20900909,10200519,42010909,30100709,0,0,10211009,30701909,0,10000019,31710509,0,0,11111819,42010819,0,0,0,10200809,0,20801719,0,0,0,0,22001219,0
24,625,486.293475551065,0,0,428794.689774872,428795.736814973,25,0,0,35,31,215541813,235947932,237430212,198937823,41201619,30601909,0,31511609,20701819,30211519,20212019,41101319,0,11010519,40800919,10100919,40300619,41110709,40111719,41910809,10601719,0,11401409,41200819,40702009,41702019,10710119,41211209,20501709,30000919,0,31601509,40711619,11311219,10000209,31111319,40100919,20710219,-2080101,11310709
24,626,466.977984993719,1,0,428797.266182218,428798.313211925,25,1,1,36,9,91832637,30211709,113914956,35761210,0,0,40610609,0,0,40410219,10811809,0,0,0,0,0,0,0,0,30211709,0,0,21901209,30701909,0,0,0,0,30011719,0,31300119,0,0,31711019,0,0,0,0,0,-4050191
24,627,384.431258193217,1,0,428799.842603037,428800.88962389,25,0,1,12,19,63224447,166547236,124135784,123043355,21410719,21402019,0,0,0,0,0,0,20411709,0,40900319,-3031171,30211809,41001009,0,0,41201719,10201209,20201509,21301419,30910319,0,0,0,10801919,20410309,20510309,11111409,20710109,0,0,0,10700419,0,40310109,40211309
24,628,363.029656116851,0,0,428802.371946415,428803.418970732,25,0,0,8,19,84501128,92223847,143033994,178915893,20800919,21510009,0,0,0,0,40100019,-2090181,0,0,0,21002019,31011409,0,40210419,0,0,0,0,10000919,30810419,0,11011209,30710609,40200119,0,20300719,0,11901209,40801319,41100709,21300419,0,31400819,10800409,21611009
24,629,469.139549066313,1,0,428804.971882665,428806.018910447,25,1,1,26,19,73620528,226844084,167993086,188448304,0,0,0,0,0,0,0,31710219,41910309,40710809,20210119,41802019,41810309,40300009,0,0,42010819,0,31800009,41911019,0,21600219,31201519,0,40310309,-1170011,0,0,40301319,42010519,22010619,41812019,31101909,11211919,0,0
24,630,354.517366620712,0,0,428807.630642331,428808.677670113,25,1,0,10,0,0,0,0,0,0,0,0,0,0,0,0,0,0,-20811691,0,0,0,0,0,0,0,0,0,0,0,0,0,0,0,0,0,0,0,0,0,0,0,0,0,0
24,631,485.292188241147,1,0,428810.218814514,428811.265836522,25,0,1,6,9,31201399,84122057,11600219,93034556,0,0,0,30200319,0,-1001080,0,0,0,0,41610919,31101019,0,11410119,0,0,0,0,0,0,0,0,0,0,11600219,0,0,0,0,10900909,0,30010919,0,40311209,11811519,0
24,632,386.549321585335,0,1,428812.877569561,428813.924600808,25,1,1,19,9,83813557,62321628,13810359,94813637,11600419,0,0,0,0,0,40312019,31901119,0,41011109,0,0,0,0,0,0,0,21310519,-3000050,0,0,0,0,0,0,0,10810309,0,0,21400609,0,31801409,0,0,41611619,0
24,633,370.242697419599,1,0,428815.465741744,428816.51277453,25,0,1,5,9,43282450,72532647,93012347,51901328,40111409,0,0,0,-3171041,0,0,0,0,0,0,0,20310909,31511019,20710719,0,0,0,0,30501919,0,0,0,30710419,31800009,0,0,0,0,0,20700909,0,0,31200419,0,0
24,634,364.251911872998,0,0,428817.91274127,428818.959770591,25,1,0,3,31,168635923,237536041,147470002,229950293,20201209,31601409,-3030040,0,30401319,20401109,21900709,30600109,10500019,40200219,21210409,10500719,30810319,10100119,20100419,31810509,31101519,41701809,22011619,21101609,20701609,11710209,10711009,0,30110419,20911709,10211819,31601709,41001719,30911509,40701719,0,0,12010909,31911319,41811409
24,635,482.945072173607,0,0,428820.500916147,428821.54794008,25,0,0,34,31,259936692,177737712,187157422,161935874,32011219,10900009,31600709,30101409,41711209,0,40210809,41900409,31500919,0,10501319,20200709,20900119,20710819,11812009,41500319,41111409,11001009,10012009,10611319,31500209,21800909,0,11010319,40301419,40310219,21611019,21211219,41000809,0,10310709,11411009,20910309,-4180101,10910109,42001609
24,636,376.051395724062,1,0,428823.194964166,428824.241993103,25,0,1,20,3,30211709,0,33211210,20401809,0,0,30211709,0,0,0,0,0,0,0,0,0,0,0,0,0,0,0,0,-2101201,31110009,0,0,0,0,0,0,0,0,20401809,0,0,0,0,0,0
24,637,667.742828314658,1,0,428825.736107797,428826.783108632,25,1,1,14,9,52733737,83834907,31111819,42212018,10411709,0,0,0,10610619,0,31711409,0,0,0,21501909,0,0,-1031160,0,0,40300119,21001719,0,0,0,31111819,0,0,0,0,0,0,31602009,0,0,0,0,10610009,0,0
24,638,457.701159990393,1,0,428828.524254495,428829.571281123,25,0,1,22,9,50223228,73644146,34781519,40712818,0,0,0,0,0,10111819,0,0,40111409,0,10111219,41711209,0,0,0,0,11110009,10711709,0,0,0,-4180110,30601409,0,0,0,0,10510809,0,0,0,0,30202009,0,0,0
24,639,521.797406778205,0,0,428831.077191451,428832.12419806,25,1,0,29,3,32010409,30900719,10200819,3080110,0,0,0,0,0,0,32010409,0,0,0,0,0,0,30900719,0,0,0,0,0,0,10200819,0,0,0,0,0,0,0,-3080110,0,0,0,0,0,0,0
24,640,608.282684290316,0,0,428833.806468923,428834.853503249,25,0,0,30,31,175557022,206357013,194745312,251497093,20500119,0,31200919,41410419,10102019,10410819,10111909,40210509,11610309,30410009,21911219,40500219,0,10412009,0,20711619,42000019,40411919,41611019,40100109,10910709,40000719,10600419,0,30810009,10000519,10711809,41101209,11701109,-4170001,41411119,30011509,20900809,40300109,30100709,31800519
24,641,471.754214027897,0,0,428836.524051235,428837.571142151,25,1,0,24,3,21201909,20400909,2190010,20001509,0,0,0,0,0,0,0,0,21201909,0,20400909,0,0,0,0,0,0,0,0,0,0,0,0,-2190010,0,0,0,20001509,0,0,0,0,0,0,0,0
24,642,379.15727274958,0,0,428839.194583438,428840.241600826,25,1,0,33,19,150755493,94515156,123303865,77203017,30900409,21910109,12010819,12012009,0,11911209,20300919,0,41710019,40400819,11501519,0,11600809,31012009,0,0,0,0,20400409,0,21600519,20200419,21101209,0,40001309,0,0,22000719,0,0,0,32001009,-1200180,22001109,0,0
24,643,374.102715868503,1,0,428841.688636538,428842.735659701,25,1,1,4,31,120017984,231129031,197857093,188037412,10311309,11210719,11900809,-2060091,0,10001309,31910819,21511219,21111709,12001819,31401009,31400319,21300009,10411119,20600019,22011909,41801419,40201409,40411319,0,11311219,31201009,0,10800209,31311609,41910019,30911709,10800109,20800309,40300509,20411819,11301719,0,21701119,31910419,30811409
24,644,350.281239894684,0,0,428844.147397437,428845.194425603,25,1,0,9,19,186086755,144125964,94833166,53003747,0,0,30310919,21010009,40201609,21311909,41110419,31111709,-1030181,20900909,10200519,42010909,30100709,0,0,10211009,30701909,0,10000019,31710509,0,0,11111819,42010819,0,0,0,10200809,0,20801719,0,0,0,0,22001219,0
24,645,500.523997237906,1,0,428846.747329452,428847.794358389,25,0,1,1,3,25251589,12001119,21411909,0,-4040080,21211509,0,0,0,0,0,0,0,0,0,0,0,0,0,0,0,12001119,0,21411909,0,0,0,0,0,0,0,0,0,0,0,0,0,0,0,0
24,646,520.479295344558,1,0,428849.394332366,428850.441350908,25,0,1,25,3,0,21311338,12362109,0,0,0,0,0,0,0,0,0,0,0,0,0,0,0,10700919,10610419,0,0,0,11200909,0,0,0,0,-1161200,0,0,0,0,0,0,0,0,0,0,0
24,647,436.883160960861,1,0,428852.158966713,428853.206053394,25,0,1,31,0,0,0,0,0,0,0,0,0,0,0,0,0,0,0,0,0,0,0,0,0,0,0,0,0,0,0,0,0,0,0,0,0,0,0,-40710601,0,0,0,0,0
24,648,442.374650272541,0,0,428854.688312015,428855.735342492,25,1,0,11,31,230750221,171700204,205039393,196248412,20701809,20811119,42000419,40602019,11011709,41301009,11311409,11010009,32000719,11212019,-3071001,11601009,40501809,0,10600819,42011519,21601609,31100419,21110809,40101509,0,30411919,20810709,41900409,0,40202019,10502019,40210009,11311909,0,20810409,40412019,11101919,21800119,40301209,10300819
24,649,429.707846080419,0,0,428857.300010408,428858.347043194,25,0,0,28,19,166736265,157356093,116424875,75592358,41012019,41801709,0,0,10300209,41911919,0,0,31710409,0,31010909,11111809,0,41710819,21310109,11510509,10700719,30001219,22010919,0,0,10500209,0,41700919,10811319,0,31401509,-3171030,0,0,0,0,41510609,0,30910719,0
24,650,366.386913636234,0,0,428859.923478642,428860.970509119,25,1,0,7,3,45740059,0,42000319,11601909,0,0,41710019,0,0,0,-4030040,0,0,0,0,0,0,0,0,0,0,0,0,0,0,0,0,42000319,0,0,0,11601909,0,0,0,0,0,0,0,0
